0.600744
1.58311
1.00701
0.864345
1.12765
0.709992
1.02909
0.936913
1.00338
0.795319
1.24959
1.33224
0.76605
0.0777423
1.16239
1.0444
1.30067
0.784508
0.98522
1.19796
1.59211
1.26494
1.27053
1.34369
1.45316
2.08429
1.5125
0.847169
0.458501
1.78788
1.53155
0.631815
0.953558
0.649934
1.01875
2.15956
1.1692
1.34892
0.983958
0.708933
0.563203
1.54983
0.976651
0.573416
1.45791
0.52769
0.10911
1.09194
0.267821
0.366114
0.619753
1.61145
0.96699
0.614164
0.290894
0.309931
0.516026
0.676279
0.934078
0.650261
1.2984
0.580667
0.977008
1.22756
1.12052
1.16988
0.604444
1.64133
0.755587
1.94033
0.84871
1.60504
0.610779
0.71321
1.15453
0.612579
1.24117
1.6169
1.00577
0.660633
1.20582
0.443057
1.27474
0.868846
0.202346
1.17792
0.854898
1.0604
0.199751
0.510425
0.848028
0.315008
0.76669
0.983831
0.189317
0.842603
0.914844
1.10735
0.480758
0.95112
0.677834
1.5075
1.36614
0.362407
1.42707
0.605814
0.198919
0.540379
1.59166
0.763107
1.29585
0.696616
1.4409
0.235987
1.50262
0.340369
1.13312
0.652285
0.610198
0.285895
0.492124
0.470459
1.09292
0.757846
0.626347
0.676967
0.682106
0.790351
1.33055
0.428656
0.203582
2.3741
0.790101
0.37209
0.696948
1.45422
0.999676
0.859684
0.739808
0.975141
0.695288
1.07336
1.0678
0.598776
0.631887
0.395523
0.312197
0.464418
0.353686
0.531733
0.823724
0.720385
0.608302
1.04772
1.85866
0.83208
1.48798
2.03701
0.678735
0.382699
0.780926
1.5691
1.79795
1.05825
0.919655
0.395395
0.792603
1.0194
1.70149
1.13436
0.581947
0.268195
1.60627
0.318305
0.0377041
1.69195
1.34444
0.487257
1.12038
0.287208
1.4243
1.67799
0.421285
1.07509
1.71108
1.44877
2.03343
2.62902
0.340642
0.109849
1.64012
0.679535
0.786996
1.35949
0.819076
0.356389
1.73723
2.02864
0.7896
1.40721
0.869909
1.19388
1.35926
1.04686
0.34353
0.591926
0.31107
1.10201
0.679524
0.510145
1.09162
0.381223
0.829316
0.732901
0.474306
0.646777
0.678553
0.898147
0.979658
2.23016
0.504892
0.577321
0.911426
1.36858
0.649452
1.36779
0.836561
1.3034
0.900116
0.138723
0.780376
1.18526
0.484023
1.56237
0.641645
0.74742
1.28601
1.19071
1.01129
0.848857
1.43197
0.24476
2.889
1.2317
0.14688
0.609995
0.493071
2.06932
1.55077
0.902768
1.3812
1.11359
1.24257
0.131943
0.435229
1.27637
1.25862
1.46952
1.4367
1.05927
0.518534
1.53656
0.898049
0.253354
0.587441
1.5845
0.71687
2.14501
0.859045
0.936952
2.22664
0.655955
0.436204
0.10617
2.06555
0.480758
1.02094
1.3714
1.08438
0.909547
0.762922
0.725982
1.06812
2.09753
0.213067
0.961063
1.34694
0.674084
0.968164
0.661895
1.17474
1.98812
0.337372
0.99252
0.904211
0.808484
1.45227
0.593592
0.671319
1.33809
1.82908
0.513452
1.40743
0.885199
0.555178
0.589251
1.23139
0.653419
0.629258
0.506351
0.509037
0.997097
0.978866
1.35854
0.325942
0.492057
0.618369
0.167984
0.512548
0.727401
1.93501
1.26739
1.10864
0.751509
0.289058
0.0905539
0.759069
0.234613
0.174167
0.740528
0.366669
0.512409
1.26607
1.47488
2.23091
0.343916
0.526083
0.948266
1.25622
0.692402
0.631086
0.754871
0.944384
0.810778
0.97822
0.749413
2.68757
0.268454
0.862351
1.12993
1.17827
0.98935
0.161391
0.731235
1.1769
0.141537
1.13848
1.09438
0.54952
0.888977
1.64756
1.33082
1.21803
0.497282
0.180883
1.64281
0.676664
0.161529
0.419341
1.36102
0.483953
1.67763
0.860845
0.91859
0.725463
0.594183
0.949488
1.15496
0.865201
0.287727
0.576849
1.19873
1.0481
1.75217
1.19329
0.138923
0.369385
0.951913
0.219483
0.463681
1.03874
2.02018
0.786167
0.682618
1.58726
0.659113
0.467561
2.12594
0.864227
0.564937
1.06628
0.123918
1.17385
0.908323
1.03261
0.886605
0.537734
1.27429
0.324217
0.10975
1.83663
0.56756
2.48344
0.809381
1.82009
0.246392
0.851588
1.10444
1.19175
0.592143
0.569234
0.925445
0.538286
0.676973
1.10104
0.297855
0.208414
0.788117
0.986772
0.440395
0.823853
0.83463
0.654135
1.07085
0.416859
1.57846
0.138093
0.51594
1.17695
0.582269
1.45309
0.740937
0.923292
1.25457
0.42902
0.65432
0.81446
0.484864
0.220312
1.26561
0.769617
0.647192
1.31705
0.177689
1.05597
1.30328
0.614289
1.12779
0.52879
0.618182
0.647958
1.60001
1.20729
2.40018
0.649686
0.739678
0.834786
0.382919
1.6709
1.59111
1.67602
1.17983
1.32649
0.501388
0.897336
0.854337
0.976229
0.829118
0.940995
0.599481
0.780919
0.852068
2.43005
0.766202
0.349111
1.17097
1.5395
1.37881
0.8205
0.902387
0.909102
0.79938
0.521939
1.53674
0.976333
0.70317
0.522549
0.964412
1.33119
0.804552
1.51175
0.688506
1.60748
0.873676
0.182324
0.960022
1.12098
0.943034
1.03865
0.68392
0.937761
1.19871
0.943379
0.284714
0.377928
1.25991
0.708085
2.2339
0.766442
0.653489
0.632365
0.497657
0.214146
1.25715
0.991507
1.23107
1.31707
0.129711
2.14851
0.514846
0.764801
1.10396
0.964458
0.249021
0.895446
0.640511
1.81524
0.693584
1.389
1.32972
0.422342
1.28791
1.34674
1.82588
1.2085
0.905399
1.17703
0.948115
1.20673
0.290249
1.0522
0.404611
0.621622
0.0498657
0.44276
0.997614
1.43131
0.346897
2.19789
0.620086
1.17041
0.885497
0.44012
0.389531
0.319793
1.25925
0.707478
1.10855
1.2468
1.37333
0.462882
1.26844
1.01208
1.43388
0.767224
0.918252
1.77161
0.513671
0.882712
1.33518
0.766438
0.586716
1.34175
0.668862
0.512992
0.337702
0.615026
0.843969
0.448875
0.781433
0.623114
0.565687
0.15685
0.795615
0.777826
0.373291
0.915946
0.716262
0.332294
1.89017
0.603802
2.26358
1.06106
0.612345
0.276281
0.931219
1.27941
0.535227
1.84346
0.140465
1.51946
0.685807
0.498638
1.14801
1.06735
1.71932
1.4615
1.06987
0.53748
0.893733
1.16938
1.31009
1.74027
0.843932
0.592357
1.29912
0.503722
0.412426
1.8303
1.23484
0.3668
1.56624
0.914216
0.658659
1.406
0.235592
1.6239
0.953556
1.1314
1.10802
0.906521
0.276936
1.48423
1.48448
0.517897
0.93664
0.578561
0.628026
1.12137
0.193633
1.26534
0.754632
0.858615
1.4481
1.02108
0.574394
0.351315
0.691501
1.37617
1.25969
0.927249
0.393006
0.895045
0.437311
1.82006
0.90001
0.620526
0.668516
1.2949
1.15295
0.714995
2.76812
1.73445
2.22444
1.26139
0.841417
0.835926
1.00545
1.70104
0.530465
0.548139
0.970253
0.112538
0.599448
0.0477737
1.91011
0.619358
0.56943
1.45433
0.328751
0.622301
1.48303
0.59152
0.741245
0.9096
1.44817
0.304362
1.94152
2.24856
2.20394
0.707381
0.918567
1.29273
1.37895
0.91782
1.576
1.15418
1.40588
0.904977
0.127814
0.758608
1.75842
0.919831
0.60385
0.547647
1.27011
0.519681
1.118
0.999305
0.743671
