0.526277
0.604614
0.449192
1.10437
0.788351
0.887126
1.42612
1.78655
1.90259
1.46297
0.861024
1.42406
1.78729
0.204883
1.37554
0.593732
1.62077
0.94337
0.828433
0.412798
1.29357
1.3804
0.749926
1.06343
1.33575
0.68341
1.09568
1.01192
1.65287
0.884793
1.00248
1.13585
1.2199
1.4632
0.122562
0.815896
1.01451
1.86898
1.61861
0.765475
1.44925
1.65543
1.5364
1.15738
1.50502
0.297884
1.29598
1.21303
0.845668
1.40244
1.32804
1.46831
1.32055
1.55448
1.57148
1.56275
1.67034
1.90592
1.10344
0.522738
1.79328
1.86002
1.33478
1.26787
0.751395
1.5413
1.61998
1.13506
0.656038
0.804868
0.611724
0.393487
0.861747
1.41177
1.3273
0.427326
1.38702
0.692745
0.753266
2.03901
1.04076
1.50315
1.2534
1.52113
0.77481
1.49135
1.55164
0.717875
0.818591
0.945992
0.759142
1.42732
0.865224
0.519236
0.96679
0.543108
0.17233
1.10567
1.09143
0.354462
0.897088
0.361469
0.702916
1.28343
1.50897
1.41315
0.683796
1.34965
1.71779
0.277228
1.20679
1.73838
1.21531
1.28447
1.49179
1.34679
1.46138
0.298674
0.619746
1.57629
0.871685
2.06357
1.24107
1.69769
0.256116
1.00675
0.0986071
1.0475
1.03842
1.86619
0.855681
1.96782
0.739702
0.980803
1.19377
1.53863
0.877558
1.30018
1.49641
1.21895
1.57501
1.55856
0.195972
1.57311
0.952057
1.43654
1.31198
1.49418
0.65784
1.31225
1.49028
1.02382
1.35492
1.05433
0.93334
0.990666
1.52025
0.877686
0.610957
1.29264
1.20166
1.64518
1.74296
0.599113
1.30659
0.549541
1.62127
1.326
1.33869
0.926234
0.593822
2.02731
0.314823
1.18095
0.985621
1.73058
1.40939
1.56604
1.62318
0.663235
1.59751
1.64958
0.610187
1.24331
1.99948
1.30932
1.2512
1.03534
0.495503
1.13722
0.61784
1.25067
0.816383
0.620233
1.27526
1.53396
1.08314
1.04701
0.56419
1.507
1.09521
1.64361
1.50626
1.48101
0.847182
1.35039
1.03219
0.71532
0.842787
1.40845
1.4283
1.39773
0.99127
1.58746
1.60905
0.341364
1.08004
0.484967
0.454319
1.35354
1.82328
1.25751
1.02282
1.47042
1.66849
1.65738
1.75908
1.7267
1.16076
1.44661
0.610385
1.56822
0.642484
1.92187
0.979803
1.3998
0.776939
0.960321
1.07463
0.473822
0.231196
0.795302
0.894549
0.89992
1.52425
1.60303
1.51569
1.19661
1.53583
1.17043
0.481292
1.43317
0.69013
1.10825
1.78159
0.896971
0.11405
1.2254
1.63769
1.01288
0.925555
0.994829
0.903956
1.45818
1.14444
1.2426
1.37758
0.688978
1.22923
0.499547
1.24061
1.47902
1.30116
1.15288
1.35203
1.50177
0.494211
1.54093
1.3724
1.69084
1.04153
1.41231
0.879814
1.06776
1.36121
0.991302
0.989227
1.43997
0.351253
0.629737
0.660205
0.832553
1.53909
1.4057
1.69561
1.79372
1.0809
0.79641
1.09325
1.37261
0.811963
0.641596
0.67491
1.80649
1.18174
0.451155
1.20734
1.32049
1.37424
1.06486
1.20548
1.59636
1.40898
1.47281
1.47047
1.06651
1.24451
1.76796
1.18516
1.12378
1.13009
1.66243
1.02988
1.56241
0.656916
1.25287
0.31573
1.63712
0.0804902
0.995319
1.4881
1.38757
1.64651
0.902735
1.40623
2.0668
1.09541
1.42977
1.10904
1.28308
1.37237
2.05187
1.43279
1.40281
0.229075
1.01119
0.642047
1.05154
0.479681
0.272011
0.595063
0.450125
0.763076
1.0785
0.287911
1.48498
0.615441
1.92427
0.768281
1.58449
1.33213
1.37535
1.30144
1.27889
0.703579
0.844929
1.08642
1.50401
0.3432
0.937229
1.21297
0.968867
1.63286
0.605023
0.181586
1.06438
0.278834
1.47771
0.882911
1.13447
1.49407
0.908094
1.42882
1.41128
0.914127
1.40346
1.49448
1.49219
0.828434
1.64661
0.74562
1.3347
1.51528
0.972135
0.665971
1.22918
0.548736
0.513172
0.173699
1.21152
0.754318
0.423915
0.18888
1.39659
0.847763
1.48066
1.11994
0.747537
1.12302
0.605197
1.30817
0.758801
1.44533
1.40009
0.630249
1.82973
1.43687
0.952141
1.50549
0.791618
1.4125
1.25528
1.13107
0.380853
0.646147
1.54235
0.93823
0.702041
1.02221
1.62279
0.97534
1.20626
1.36451
1.47389
1.33746
0.92213
0.679825
0.867744
1.08411
1.52745
0.324825
0.88398
1.31377
0.586829
1.45327
0.78566
1.28709
1.15726
0.83831
0.288409
1.65704
0.467545
1.26614
1.15002
0.463048
1.41894
1.95281
1.03971
1.43815
1.03162
1.10396
1.5127
1.57075
1.28999
1.51798
0.272995
1.74705
1.55036
1.2474
1.57858
1.18679
0.514547
1.90404
0.705033
1.27974
1.3806
0.800289
1.62587
0.656809
1.8396
0.883179
0.540461
1.13572
1.58801
1.0304
1.45509
0.888648
1.12299
0.737148
1.2157
1.40725
1.25364
0.767886
0.89706
1.43315
1.23192
1.05728
1.33018
0.633552
1.72243
1.73985
1.46039
1.57037
0.335742
1.21278
0.782737
1.25814
1.794
1.13239
1.6764
1.59627
1.56861
1.55019
0.555028
0.643272
1.1224
0.708962
1.41973
1.05405
1.05188
1.13692
1.46946
1.18126
1.49316
1.96465
1.52535
0.839447
0.957899
0.80564
0.661175
1.57301
0.596607
1.26323
0.528885
1.33772
0.249368
0.90242
0.16954
1.27789
1.5206
1.01497
1.52488
0.946787
1.48056
1.02209
1.35
1.51598
0.74611
1.56323
1.18359
1.10172
0.798435
1.3954
1.71662
0.793231
1.5238
1.46249
0.645573
1.38683
1.11069
0.517948
0.895555
1.57751
1.38634
1.25175
0.838035
1.06433
1.23318
0.79397
2.00011
0.684289
1.31857
0.947371
1.47987
0.802544
1.73493
0.360359
1.87101
0.414214
1.37571
0.927439
1.48511
0.759488
1.46067
0.804891
1.88109
1.49967
1.36464
0.835532
0.857644
0.922381
1.29575
1.73743
0.754061
0.964025
0.748556
0.645397
1.57008
1.93882
0.974331
1.20545
0.689797
1.33222
0.558986
0.415926
1.09351
1.82314
1.26271
1.697
0.0563753
1.70336
0.948528
1.2083
1.05736
0.707472
1.13554
1.46103
0.700446
1.16914
1.59997
1.31232
1.20844
0.948975
0.613203
1.30848
0.985298
1.6155
1.72772
0.237636
1.764
1.0471
1.27251
1.0837
0.722796
0.489681
1.45021
0.613097
0.96763
1.76923
1.23651
1.62698
1.67548
1.64923
0.901986
0.645564
1.14041
0.664895
1.56032
1.44604
0.4368
1.5239
0.99258
1.48776
1.58214
0.621227
0.779358
0.602274
1.05898
0.717641
0.779939
1.39068
0.156533
1.39382
1.52477
1.27739
1.1128
1.52096
1.57916
1.97162
1.56435
0.0634048
0.827979
1.97754
1.58914
0.394952
1.30107
1.11501
1.99509
1.48403
1.64128
1.55994
1.50456
1.64753
1.90551
1.71948
0.849961
1.05703
0.342697
0.943736
0.732443
1.36437
2.00905
1.5015
1.35259
1.37785
0.785429
1.62518
1.45262
1.53569
1.59048
1.17119
1.2195
1.65753
1.41059
1.20031
0.821849
0.955104
1.42768
0.82253
1.43218
1.43065
0.576037
1.44508
1.38221
1.1125
1.41967
1.38549
1.29594
1.43966
1.52934
