0.922345
0.861288
0.438372
0.50783
0.629482
1.52856
0.648614
1.6447
1.18354
1.347
0.60209
0.409262
1.44967
0.0480782
0.719801
0.756792
1.78662
0.678109
1.04247
1.94896
1.05197
0.899856
1.86012
0.614437
1.03912
1.63114
1.30651
0.268474
0.38354
0.443893
0.436411
0.965522
1.04428
0.578362
1.27847
1.10164
1.14704
2.16776
0.469056
1.53918
0.754695
1.58858
0.423725
0.845827
1.30587
0.506241
0.104609
0.951264
0.982225
0.531018
1.19668
1.40998
1.75384
1.77597
0.985508
0.600276
0.913977
0.785152
1.01228
0.702048
1.04682
1.371
1.55532
1.22346
0.781612
1.21496
0.274894
1.03243
1.57962
0.30049
0.781307
0.319384
0.502956
1.92746
0.798627
1.32591
1.14874
0.510673
0.982516
1.35775
0.347729
0.558758
0.263601
0.490367
0.322251
0.924749
1.23415
1.07433
0.809317
0.652197
0.400703
1.19848
1.53161
0.552518
1.11047
0.793311
1.44516
0.687844
0.867122
0.348359
1.14776
1.88303
0.428394
1.9221
0.974059
0.947017
0.408871
0.930699
0.983736
0.519423
0.371645
0.556056
0.484017
0.929519
0.435591
0.889038
0.389098
2.20352
0.738251
0.671389
1.05115
1.21777
1.17238
0.751465
0.475047
0.887436
0.364815
1.84693
1.20423
0.821989
0.886677
1.08285
1.12012
1.86649
0.999776
1.63878
0.556208
0.885683
2.13721
0.980882
0.980826
1.60311
0.978158
0.735252
1.07211
1.0385
0.613745
0.254756
0.953146
1.41125
0.724784
1.21153
0.209619
2.32181
1.0292
1.08159
0.0807166
1.45979
0.888786
0.778471
0.653463
1.60866
0.119433
0.887786
2.04934
0.416675
0.301507
1.51865
0.90142
1.24459
0.802095
0.730051
0.987507
1.83256
1.06511
0.541053
0.729012
1.35589
0.570865
0.210177
1.18693
0.532306
0.606536
0.566167
1.01913
0.672892
1.3777
0.966492
1.35114
0.947329
0.484472
1.85355
1.84857
0.663277
0.657184
0.804254
1.35588
0.560157
0.929115
0.444335
1.68534
1.14428
1.08106
0.772276
1.43843
0.967191
1.02878
0.211197
0.335318
0.702645
0.535098
0.713287
1.38049
0.390275
0.50897
1.47572
1.01445
0.196017
0.263697
0.940492
0.64997
1.34017
1.06436
0.408151
1.13467
1.17586
1.15621
1.78564
1.52343
0.527431
0.406231
0.375067
0.437956
0.54617
0.575634
1.37356
0.500641
1.31987
1.61713
0.960999
1.81924
0.591622
1.18009
0.482777
0.616682
1.7391
1.29437
1.68813
0.991023
0.611425
0.921854
0.772934
1.85829
0.647455
0.803797
0.77757
0.596383
2.1382
0.981293
0.372851
1.77707
2.49676
0.654631
1.4888
0.396199
0.511072
1.66613
0.299669
0.890539
0.848276
0.487879
1.13679
0.763495
0.951362
0.83877
0.635295
0.937857
1.76269
0.162668
1.06131
0.748928
0.796322
0.365738
0.970809
0.720424
0.706605
0.550547
0.627232
0.82465
0.78198
1.05908
0.165589
0.681316
0.447128
1.17938
1.2463
0.561352
1.42767
0.585008
0.391729
1.20002
1.28795
1.63812
0.304309
1.14385
2.12835
0.401784
0.843012
1.20836
0.896283
0.807613
0.92289
0.65998
0.831214
1.63764
0.283576
1.21489
1.54659
0.956261
0.170155
1.48937
1.17639
1.50157
0.804216
0.996099
2.16184
0.764473
1.13799
1.15469
0.667904
1.3505
0.857136
1.41986
0.662535
0.881998
0.964212
1.67109
2.72417
1.01155
0.817273
1.00762
0.777315
1.22572
1.19861
0.525333
0.249798
0.742371
0.822705
0.968684
1.02653
0.704001
1.92328
0.894624
0.912952
0.816097
0.619721
1.46225
1.62478
0.846169
0.400761
1.00556
1.0182
1.04859
1.30163
0.381775
0.9403
1.40457
0.734723
1.4872
0.767937
0.594112
0.844008
0.961177
1.22817
0.814062
0.449454
1.1068
1.81883
1.09149
0.552001
1.10339
1.10484
1.22826
1.18983
0.328386
0.555376
0.378001
0.397037
0.65314
0.524493
0.507052
0.782024
0.185983
1.04591
0.683504
0.258539
0.36865
0.598053
0.660477
0.911904
0.408701
0.296575
0.478739
0.791629
1.46956
0.219542
1.71828
1.7958
0.901817
0.804926
1.08397
1.19239
1.2398
1.37575
1.25863
0.586275
0.920917
1.79607
1.49807
0.758597
0.700582
1.03742
1.10125
0.253775
1.69627
0.548545
1.37078
0.491735
0.7672
0.38223
0.655335
0.528165
0.574429
1.55448
0.685146
1.42886
2.03462
0.913469
1.04354
1.15446
0.481724
0.768487
1.00803
0.777559
2.03359
1.49697
0.545164
1.15841
0.338788
0.293717
1.02787
0.511104
0.218797
1.52103
0.595616
1.07876
1.47215
1.11484
1.59994
0.954317
1.45289
1.1615
0.65071
1.9208
0.334128
0.774286
0.987133
1.53017
0.0562741
0.481756
0.895083
1.03767
1.88123
0.239477
1.31696
0.321225
0.933672
0.851716
0.543293
1.34561
0.518883
0.562365
0.829911
1.14986
0.397009
0.413096
0.806166
0.701362
1.72925
1.7375
0.630612
0.171164
1.03328
0.861998
0.507229
1.41853
0.61506
1.26677
0.717325
0.454771
1.14165
0.768703
0.137861
0.818456
1.29202
0.634852
0.674009
1.25989
0.209748
0.17986
0.528165
0.708352
1.18274
0.937633
1.43715
1.1271
1.10781
0.969774
0.438874
1.2358
0.837024
0.584942
1.78584
0.488917
1.88296
0.604613
0.405245
1.15561
1.41833
1.04271
0.937841
1.58146
2.13934
0.906215
0.776208
0.164979
1.70247
1.27278
1.11969
0.466036
1.36236
0.640505
0.705335
0.221597
0.378157
0.27821
1.2028
0.857019
0.857243
0.740914
1.29567
0.472848
1.41062
0.91907
1.12595
0.833499
1.72606
0.901161
0.525816
1.30456
0.678802
0.862355
0.460428
1.43946
0.914099
0.407318
1.59046
0.818657
1.15382
1.09432
0.399942
0.179723
0.902552
1.18568
0.683673
0.844902
0.950727
0.530853
0.751587
0.424125
0.831626
0.609859
1.3019
0.14584
0.469906
2.23373
0.978771
1.58997
1.43469
0.752293
0.618492
0.698121
1.06914
1.07878
1.28018
1.16392
0.387939
0.682034
1.95938
0.891304
0.413889
0.607171
1.54978
0.767351
0.416729
1.56265
0.997072
0.0851031
0.223372
0.649861
0.335917
0.260203
1.62604
0.295291
1.48497
1.06476
1.52815
1.77749
1.65126
0.732059
1.44544
1.57956
0.354211
1.59354
1.16729
0.869746
0.558155
0.341146
0.502997
0.955136
0.870816
1.6199
1.30103
1.43411
1.20983
0.958586
0.927549
1.01155
1.05122
2.89547
0.439264
1.34848
0.848203
1.9728
0.566591
1.17252
1.3344
0.619104
1.32875
1.07236
0.0400479
0.646172
1.78166
0.794211
1.11173
0.781154
0.768382
0.38889
0.425137
0.861639
1.05432
0.950915
1.95156
1.30356
0.504683
0.588623
0.835426
0.52892
1.02548
0.628235
0.428981
1.13623
1.74158
0.517681
0.573182
1.11874
1.46072
0.137982
0.681188
1.04685
1.35839
0.559332
0.718165
0.767993
0.688667
1.00955
1.71181
1.02897
1.40427
0.961774
1.33884
0.725008
1.67002
0.188868
0.584033
1.17651
0.90922
0.867059
1.35743
0.601688
1.50199
1.38977
1.64355
1.3071
0.569853
0.825223
1.35364
0.809816
0.803687
1.83526
1.02987
1.3454
2.38888
0.853982
1.28005
1.21285
0.974244
0.886722
0.812053
2.13017
