0.490379
1.93599
0.864182
1.49977
0.553159
0.585687
1.50754
1.53371
0.243518
1.64782
0.939383
1.16047
1.24121
1.74781
1.13371
0.53838
1.01734
0.15787
1.08749
1.01908
1.61863
1.7907
0.818665
1.68943
1.72761
1.90167
1.02942
1.4199
1.30349
1.02322
0.410704
1.23001
0.864631
1.08934
2.01591
1.77832
1.04961
1.75781
1.02744
1.15481
1.77038
0.343246
1.3926
0.831922
1.26302
0.954147
0.44582
1.46289
1.84448
1.48792
1.8298
1.4595
1.53804
1.54331
1.82217
1.47325
1.01058
1.4627
1.4801
0.787598
1.42426
0.976512
0.791052
1.15062
1.23763
1.38626
2.05252
1.0234
1.2235
1.85389
1.41387
1.20094
0.633801
1.12987
0.711104
0.9316
0.806142
0.716741
0.877497
1.5075
1.61117
1.02211
1.38151
1.4915
1.73679
0.461476
1.60292
1.1099
0.547952
1.13058
1.80611
1.16923
0.518314
1.72257
1.5105
1.62094
1.32003
1.68307
1.70806
0.574872
1.72311
1.79683
1.93356
0.52558
1.38345
0.573811
1.46773
0.846123
1.70414
0.519769
1.37339
1.20273
1.10617
1.47899
0.984142
0.443287
0.99965
0.850654
1.10479
1.26298
1.32266
0.73575
1.07834
1.45402
1.31279
1.75926
1.2142
1.85197
1.02168
1.56357
0.859432
1.36139
1.23359
1.14009
1.57751
0.813803
1.41728
0.911097
0.951165
1.13505
0.635112
1.01951
1.64283
1.0104
0.506131
1.62651
1.24914
0.995313
1.11795
1.08628
1.4311
0.857205
0.350623
0.935168
0.600949
1.10347
1.84508
1.69156
0.784011
1.66031
1.74142
0.833256
0.972459
1.54472
1.56259
0.41998
0.99239
0.720906
1.09824
1.27129
1.83546
1.23215
1.46387
0.767686
0.943284
1.35121
1.4666
1.42237
0.922959
0.975419
1.40713
1.14778
1.38693
1.64253
1.65916
1.71898
1.15073
0.7416
0.58218
1.41593
1.61857
1.59193
1.60305
0.837425
1.33411
1.47414
1.30536
1.34635
1.3307
0.228784
1.15674
0.616261
1.41421
1.51357
0.231564
1.51283
1.30339
0.704732
1.70849
0.692282
1.20426
0.629543
0.529587
0.964678
1.22631
0.553182
1.49471
1.84752
1.41593
1.45338
1.81922
1.278
1.20586
1.67919
0.580579
1.05217
1.61818
0.668708
1.20913
1.72531
0.957775
0.893054
0.613959
0.842823
0.835623
0.999386
1.10319
1.37008
1.29777
0.404187
1.18897
0.927033
0.770068
1.67884
1.17464
1.16882
1.24136
0.725355
1.27408
1.77634
1.2971
0.288344
0.293886
1.49001
0.963478
0.643856
0.763512
1.05959
0.564749
1.43438
0.74007
1.04154
1.49869
1.11467
1.40529
1.71021
0.845951
1.08121
1.24765
0.937116
1.08704
2.08185
1.09378
1.46187
0.64674
1.8783
1.45969
1.12486
0.778406
1.17448
1.15493
1.36778
1.46531
1.23429
0.0693663
1.01082
0.436879
1.53077
1.03561
1.77093
1.45142
1.6686
1.44233
1.11095
1.2263
1.2522
1.04062
1.17882
0.816741
1.60648
1.43173
1.3419
1.68002
0.695467
1.68582
1.27102
1.41415
1.20929
1.31719
0.484202
1.08447
1.00391
1.42482
1.26649
1.1977
0.32635
0.436187
0.774997
1.50808
1.22372
0.984087
0.95861
1.64903
0.826855
1.87414
0.786531
1.20058
1.52135
1.3812
0.249333
1.57054
1.79461
0.698588
1.18993
1.17862
1.30547
0.895589
1.26244
0.312008
0.307811
0.783823
0.949085
1.36094
1.35838
1.29497
1.07311
1.23597
0.661305
1.55563
1.39166
0.922144
1.68696
1.39351
1.35653
1.02438
1.13541
0.705887
0.354065
1.73634
0.324945
1.18605
0.648346
1.52941
1.32035
1.55147
0.896016
1.17037
1.44163
0.779547
1.31472
0.218874
1.26274
0.952978
0.684725
0.874898
1.26494
0.578655
1.43701
0.604561
0.231682
1.18664
1.29946
1.77956
1.20771
1.23571
1.56249
0.252409
0.816842
1.72764
1.48135
1.6254
1.15229
0.946979
1.56609
0.245365
0.718762
1.26538
1.80541
0.555321
1.43553
0.962278
1.37326
0.916518
0.617347
0.855972
1.43694
0.903438
1.36166
0.134897
1.56921
1.65699
1.49897
1.04436
1.33453
1.02146
1.26959
0.9859
0.877308
1.62915
1.32648
0.97769
0.491942
1.07118
1.16859
0.72301
1.23937
1.22258
1.16676
0.672288
1.36656
1.09503
0.373897
0.781355
0.840289
0.647746
1.48983
0.360434
1.42966
1.11202
1.09257
0.524868
1.85427
1.16188
1.73154
0.708509
1.07917
1.32392
1.57143
1.25783
0.887897
0.401799
1.96073
1.10046
1.93235
1.63584
0.482135
0.172165
0.773337
1.08537
0.558237
1.09506
1.55767
1.76249
1.16813
2.01726
1.27731
1.38211
1.08941
0.752972
1.09505
1.3154
0.952863
0.585659
1.50247
1.6605
1.34136
1.24456
0.930535
1.26799
1.66194
0.616386
0.936028
1.52851
1.45556
1.11371
1.16828
1.56345
0.873984
1.85341
1.50323
0.68144
1.85695
0.892224
0.72317
1.11885
0.472017
1.4872
0.939748
1.15685
1.10196
0.559265
1.04219
1.35307
1.18166
0.851893
0.441292
0.904575
1.41602
1.31714
0.692503
0.620808
1.3921
0.627724
0.323994
0.958071
1.04706
1.17579
0.920851
0.394312
0.978536
1.93534
1.06195
1.18077
1.31433
1.47082
1.39883
1.84216
0.245854
1.49479
1.79657
0.747254
1.34774
1.59444
0.60732
1.19637
0.0767421
1.63751
0.450532
1.16801
1.48447
0.928089
0.362811
1.68042
1.2053
1.55474
0.562928
0.371363
0.0968133
1.33714
1.50476
1.54795
1.11614
0.916387
0.685818
1.29268
0.739262
0.98156
1.62286
1.27596
0.93553
0.551566
1.52298
1.4102
0.353294
1.42054
1.22492
1.44636
1.62862
1.47714
1.12142
0.309388
0.889004
0.587781
1.71166
1.12315
1.4245
1.50339
1.575
1.25065
1.53687
1.58691
1.48044
1.03563
1.3799
1.31188
1.28375
0.872919
0.732323
0.859435
1.37773
1.44996
1.40037
1.18501
1.99416
1.34163
1.64309
1.87498
0.874532
1.00797
0.659946
0.794555
0.898784
1.23351
1.00774
1.56359
0.983201
1.20274
0.347601
0.494144
0.787981
0.356597
1.12318
0.662079
1.10211
1.55307
1.16331
0.513877
1.1459
1.61722
1.25958
1.68485
0.537356
1.15237
1.4591
1.29474
0.820291
0.285562
1.58623
1.07969
0.843088
1.47773
1.34414
1.43612
1.04497
1.08178
1.13059
1.391
1.33546
1.3771
1.79715
0.345711
1.57072
1.83705
1.5002
0.500855
0.211382
0.518726
1.0703
1.39602
1.4271
0.846922
1.27151
1.06222
0.879709
0.640721
1.58019
1.15152
1.90442
1.29532
1.49904
0.918132
1.03912
1.06701
1.28228
1.2232
1.09274
0.255866
1.09159
1.14001
1.01863
1.64433
0.53158
0.426607
1.07663
1.49874
1.51219
0.750677
1.48407
1.44127
1.79894
1.0485
0.860581
1.89367
1.72049
1.3811
0.832759
2.02911
1.1316
0.299248
0.912001
1.01701
0.673681
1.03553
1.56863
1.29324
1.46451
0.986471
1.40655
1.56
1.2096
1.81823
1.51588
1.4349
0.61162
0.999284
1.45154
1.1964
0.256521
1.47997
1.46907
1.45126
0.828796
1.34253
1.05941
1.14675
1.58341
0.764243
0.762321
0.52107
1.30577
