0.009375 0
0.01875 0
0.028125 0
0.0375 0
0.046875 0
0.05625 0
0.065625 0
0.075 0
0.084375 0
0.09375 0
0.103125 0
0.1125 0
0.121875 0
0.13125 0
0.140625 0
0.15 0
0.159375 0
0.16875 0
0.178125 0
0.1875 0
0.196875 0
0.20625 0
0.215625 0
0.225 0
0.234375 0
0.24375 0
0.253125 0
0.2625 0
0.271875 0
0.28125 0
0.290625 0
0.3 0
0.309375 0
0.31875 0
0.328125 0
0.3375 0
0.346875 0
0.35625 0
0.365625 0
0.375 0
0.384375 0
0.39375 0
0.403125 0
0.4125 0
0.421875 0
0.43125 0
0.440625 0
0.45 0
0.459375 0
0.46875 0
0.478125 0
0.4875 0
0.496875 0
0.50625 0
0.515625 0
0.525 0
0.534375 0
0.54375 0
0.553125 0
0.5625 0
0.571875 0
0.58125 0
0.590625 0
0.6 0
0.609375 0
0.61875 0
0.628125 0
0.6375 0
0.646875 0
0.65625 0
0.665625 0
0.675 0
0.684375 0
0.69375 0
0.703125 0
0.7125 0
0.721875 0
0.73125 0
0.740625 0
0.75 0
0.759375 0
0.76875 0
0.778125 0
0.7875 0
0.796875 0
0.80625 0
0.815625 0
0.825 0
0.834375 0
0.84375 0
0.853125 0
0.8625 0
0.871875 0
0.88125 0
0.890625 0
0.9 0
0.909375 0
0.91875 0
0.928125 0
0.9375 0
0.946875 0
0.95625 0
0.965625 0.00045016
0.975 0.00179578
0.984375 0.00797188
0.99375 0.0235537
1.00313 0.0742765
1.0125 0.192825
1.02187 0.412878
1.03125 0.782442
1.04062 1.29839
1.05 1.91006
1.05937 2.60917
1.06875 3.25434
1.07812 3.82564
1.0875 4.27259
1.09688 4.54659
1.10625 4.63326
1.11562 4.61732
1.125 4.48682
1.13437 4.27605
1.14375 4.02515
1.15312 3.72338
1.1625 3.39619
1.17188 3.06696
1.18125 2.77272
1.19063 2.49169
1.2 2.20111
1.20937 1.99088
1.21875 1.77698
1.22812 1.60423
1.2375 1.45204
1.24687 1.34333
1.25625 1.21012
1.26562 1.09798
1.275 1.01668
1.28438 0.936448
1.29375 0.875227
1.30312 0.816848
1.3125 0.746812
1.32187 0.705739
1.33125 0.663366
1.34062 0.622304
1.35 0.595307
1.35938 0.565072
1.36875 0.557039
1.37813 0.538947
1.3875 0.53059
1.39687 0.50276
1.40625 0.483526
1.41562 0.46897
1.425 0.44932
1.43437 0.446759
1.44375 0.445197
1.45312 0.440779
1.4625 0.441162
1.47188 0.441047
1.48125 0.433298
1.49062 0.432697
1.5 0.433325
1.50937 0.43452
1.51875 0.430929
1.52812 0.427406
1.5375 0.428035
1.54688 0.433371
1.55625 0.436101
1.56563 0.438289
1.575 0.446633
1.58437 0.449872
1.59375 0.458788
1.60312 0.464405
1.6125 0.469062
1.62187 0.49099
1.63125 0.498164
1.64062 0.507408
1.65 0.51154
1.65938 0.523802
1.66875 0.537796
1.67812 0.556196
1.6875 0.574581
1.69687 0.582945
1.70625 0.597481
1.71562 0.633406
1.725 0.662257
1.73438 0.678045
1.74375 0.714428
1.75313 0.754781
1.7625 0.779031
1.77187 0.80921
1.78125 0.848024
1.79062 0.895269
1.8 0.935356
1.80937 0.96891
1.81875 1.01465
1.82812 1.05758
1.8375 1.08182
1.84687 1.11956
1.85625 1.15867
1.86562 1.21153
1.875 1.22622
1.88437 1.25745
1.89375 1.29233
1.90312 1.31786
1.9125 1.3411
1.92188 1.34136
1.93125 1.3624
1.94062 1.36082
1.95 1.3531
1.95937 1.35825
1.96875 1.35924
1.97812 1.3542
1.9875 1.35031
1.99687 1.33816
2.00625 1.34607
2.01562 1.33864
2.025 1.31691
2.03437 1.30618
2.04375 1.30058
2.05313 1.2892
2.0625 1.27529
2.07187 1.27669
2.08125 1.27398
2.09062 1.27082
2.1 1.28414
2.10938 1.2794
2.11875 1.29096
2.12812 1.29284
2.1375 1.29307
2.14688 1.30539
2.15625 1.31788
2.16562 1.31996
2.175 1.31604
2.18437 1.31343
2.19375 1.3076
2.20312 1.30615
2.2125 1.28933
2.22187 1.2686
2.23125 1.24783
2.24063 1.21802
2.25 1.18971
2.25937 1.15848
2.26875 1.13174
2.27812 1.09447
2.2875 1.0716
2.29688 1.04075
2.30625 1.02147
2.31562 1.0014
2.325 0.956832
2.33438 0.926971
2.34375 0.896714
2.35312 0.867631
2.3625 0.843915
2.37187 0.824809
2.38125 0.803653
2.39062 0.780596
2.4 0.763844
2.40937 0.749802
2.41875 0.735949
2.42813 0.72686
2.4375 0.713573
2.44687 0.712982
2.45625 0.708293
2.46562 0.700255
2.475 0.694653
2.48438 0.689987
2.49375 0.686575
2.50312 0.685957
2.5125 0.692906
2.52188 0.685499
2.53125 0.690932
2.54062 0.697509
2.55 0.694629
2.55937 0.702379
2.56875 0.714926
2.57812 0.730093
2.5875 0.734413
2.59687 0.746609
2.60625 0.756867
2.61563 0.759555
2.625 0.780013
2.63437 0.79303
2.64375 0.811877
2.65312 0.827424
2.6625 0.842843
2.67188 0.854062
2.68125 0.872264
2.69062 0.888933
2.7 0.909444
2.70938 0.931036
2.71875 0.946073
2.72812 0.964529
2.7375 0.998839
2.74687 1.02064
2.75625 1.03496
2.76562 1.04653
2.775 1.05846
2.78437 1.07757
2.79375 1.09369
2.80313 1.1094
2.8125 1.12296
2.82187 1.13574
2.83125 1.15211
2.84062 1.15373
2.85 1.16969
2.85938 1.17604
2.86875 1.18221
2.87812 1.1963
2.8875 1.1995
2.89688 1.1974
2.90625 1.20451
2.91562 1.21532
2.925 1.20523
2.93437 1.21342
2.94375 1.2117
2.95312 1.19905
2.9625 1.20746
2.97187 1.20339
2.98125 1.1978
2.99063 1.18743
3 1.17898
3.00937 1.1701
3.01875 1.16302
3.02812 1.16012
3.0375 1.14139
3.04688 1.13455
3.05625 1.12425
3.06562 1.12087
3.075 1.11511
3.08438 1.10203
3.09375 1.09475
3.10312 1.08253
3.1125 1.06928
3.12187 1.06261
3.13125 1.0502
3.14062 1.04919
3.15 1.04261
3.15937 1.03731
3.16875 1.02867
3.17813 1.02216
3.1875 1.00848
3.19687 1.00992
3.20625 0.999415
3.21562 0.995217
3.225 0.985314
3.23438 0.986244
3.24375 0.977328
3.25312 0.971413
3.2625 0.969742
3.27188 0.962888
3.28125 0.955017
3.29062 0.948105
3.3 0.939864
3.30937 0.938313
3.31875 0.932715
3.32812 0.926531
3.3375 0.919021
3.34687 0.914291
3.35625 0.916144
3.36563 0.90857
3.375 0.899026
3.38437 0.892241
3.39375 0.890484
3.40312 0.883842
3.4125 0.878338
3.42188 0.877391
3.43125 0.873871
3.44062 0.873902
3.45 0.869636
3.45938 0.867684
3.46875 0.862395
3.47812 0.864392
3.4875 0.863122
3.49687 0.861251
3.50625 0.872705
3.51562 0.87444
3.525 0.865438
3.53437 0.875527
3.54375 0.876824
3.55313 0.878826
3.5625 0.883776
3.57187 0.892064
3.58125 0.897674
3.59062 0.903959
3.6 0.916344
3.60938 0.922804
3.61875 0.932676
3.62812 0.939695
3.6375 0.941731
3.64687 0.952337
3.65625 0.963277
3.66562 0.973225
3.675 0.981371
3.68437 0.999523
3.69375 1.00423
3.70312 1.0163
3.7125 1.02336
3.72187 1.03609
3.73125 1.0419
3.74062 1.04682

0.009375 0
0.01875 0
0.028125 0
0.0375 0
0.046875 0
0.05625 0
0.065625 0
0.075 0
0.084375 0
0.09375 0
0.103125 0
0.1125 0
0.121875 0
0.13125 0
0.140625 0
0.15 0
0.159375 0
0.16875 0
0.178125 0
0.1875 0
0.196875 0
0.20625 0
0.215625 0
0.225 0
0.234375 0
0.24375 0
0.253125 0
0.2625 0
0.271875 0
0.28125 0
0.290625 0
0.3 0
0.309375 0
0.31875 0
0.328125 0
0.3375 0
0.346875 0
0.35625 0
0.365625 0
0.375 0
0.384375 0
0.39375 0
0.403125 0
0.4125 0
0.421875 0
0.43125 0
0.440625 0
0.45 0
0.459375 0
0.46875 0
0.478125 0
0.4875 0
0.496875 0
0.50625 0
0.515625 0
0.525 0
0.534375 0
0.54375 0
0.553125 0
0.5625 0
0.571875 0
0.58125 0
0.590625 0
0.6 0
0.609375 0
0.61875 0
0.628125 0
0.6375 0
0.646875 0
0.65625 0
0.665625 0
0.675 0
0.684375 0
0.69375 0
0.703125 0
0.7125 0
0.721875 0
0.73125 0
0.740625 0
0.75 0
0.759375 0
0.76875 0
0.778125 0
0.7875 0
0.796875 0
0.80625 0
0.815625 0
0.825 0
0.834375 0
0.84375 0
0.853125 0
0.8625 0
0.871875 0
0.88125 0
0.890625 0
0.9 0
0.909375 0
0.91875 0
0.928125 0
0.9375 0
0.946875 0.000280845
0.95625 0.000397789
0.965625 0.00360128
0.975 0.0135714
0.984375 0.0492177
0.99375 0.126838
1.00313 0.294129
1.0125 0.562746
1.02187 0.954775
1.03125 1.47845
1.04062 2.11884
1.05 2.77205
1.05937 3.36252
1.06875 3.85796
1.07812 4.2774
1.0875 4.55776
1.09688 4.70812
1.10625 4.62627
1.11562 4.51898
1.125 4.30731
1.13437 4.06476
1.14375 3.75942
1.15312 3.47591
1.1625 3.16832
1.17188 2.88703
1.18125 2.60567
1.19063 2.36091
1.2 2.09965
1.20937 1.90441
1.21875 1.72009
1.22812 1.55628
1.2375 1.41662
1.24687 1.27511
1.25625 1.16711
1.26562 1.06461
1.275 0.971994
1.28438 0.901045
1.29375 0.833395
1.30312 0.763124
1.3125 0.720006
1.32187 0.684432
1.33125 0.650542
1.34062 0.614748
1.35 0.587208
1.35938 0.557859
1.36875 0.527186
1.37813 0.504754
1.3875 0.478969
1.39687 0.461032
1.40625 0.453932
1.41562 0.434681
1.425 0.434626
1.43437 0.420836
1.44375 0.407648
1.45312 0.406477
1.4625 0.40122
1.47188 0.399511
1.48125 0.396546
1.49062 0.397074
1.5 0.39898
1.50937 0.397986
1.51875 0.403914
1.52812 0.401129
1.5375 0.410797
1.54688 0.409192
1.55625 0.415633
1.56563 0.423118
1.575 0.429581
1.58437 0.437093
1.59375 0.446059
1.60312 0.455715
1.6125 0.46178
1.62187 0.466405
1.63125 0.485378
1.64062 0.495467
1.65 0.515802
1.65938 0.53022
1.66875 0.550772
1.67812 0.575443
1.6875 0.596132
1.69687 0.616838
1.70625 0.639623
1.71562 0.671977
1.725 0.701168
1.73438 0.733699
1.74375 0.781466
1.75313 0.811111
1.7625 0.854271
1.77187 0.892476
1.78125 0.932757
1.79062 0.986308
1.8 1.0388
1.80937 1.07588
1.81875 1.11347
1.82812 1.16142
1.8375 1.20004
1.84687 1.23683
1.85625 1.27006
1.86562 1.31096
1.875 1.33607
1.88437 1.36881
1.89375 1.39414
1.90312 1.41906
1.9125 1.42422
1.92188 1.42072
1.93125 1.43688
1.94062 1.43696
1.95 1.43565
1.95937 1.42738
1.96875 1.41166
1.97812 1.3929
1.9875 1.39383
1.99687 1.36599
2.00625 1.36125
2.01562 1.35138
2.025 1.32823
2.03437 1.31689
2.04375 1.30113
2.05313 1.30576
2.0625 1.28906
2.07187 1.28031
2.08125 1.29924
2.09062 1.30121
2.1 1.31535
2.10938 1.32861
2.11875 1.33309
2.12812 1.3439
2.1375 1.34676
2.14688 1.36159
2.15625 1.36361
2.16562 1.36652
2.175 1.367
2.18437 1.35544
2.19375 1.33089
2.20312 1.3111
2.2125 1.28339
2.22187 1.25939
2.23125 1.22484
2.24063 1.2018
2.25 1.17062
2.25937 1.13365
2.26875 1.09271
2.27812 1.05638
2.2875 1.02802
2.29688 0.989241
2.30625 0.95912
2.31562 0.926142
2.325 0.896588
2.33438 0.867596
2.34375 0.833391
2.35312 0.813506
2.3625 0.793123
2.37187 0.766322
2.38125 0.754673
2.39062 0.739096
2.4 0.725179
2.40937 0.705618
2.41875 0.686915
2.42813 0.68217
2.4375 0.67132
2.44687 0.664535
2.45625 0.656935
2.46562 0.648596
2.475 0.639106
2.48438 0.646542
2.49375 0.649371
2.50312 0.648209
2.5125 0.642913
2.52188 0.651407
2.53125 0.66297
2.54062 0.66749
2.55 0.682792
2.55937 0.688712
2.56875 0.701
2.57812 0.710444
2.5875 0.718409
2.59687 0.731513
2.60625 0.747272
2.61563 0.761909
2.625 0.782379
2.63437 0.80669
2.64375 0.823737
2.65312 0.841371
2.6625 0.867373
2.67188 0.885745
2.68125 0.906492
2.69062 0.929892
2.7 0.944322
2.70938 0.972973
2.71875 1.00222
2.72812 1.02351
2.7375 1.04158
2.74687 1.06589
2.75625 1.0911
2.76562 1.11602
2.775 1.13391
2.78437 1.15669
2.79375 1.16876
2.80313 1.1888
2.8125 1.20494
2.82187 1.22289
2.83125 1.23276
2.84062 1.23613
2.85 1.23954
2.85938 1.25322
2.86875 1.25849
2.87812 1.26507
2.8875 1.26026
2.89688 1.26167
2.90625 1.26041
2.91562 1.25145
2.925 1.24451
2.93437 1.23662
2.94375 1.23772
2.95312 1.22133
2.9625 1.21823
2.97187 1.20749
2.98125 1.20281
2.99063 1.19463
3 1.17967
3.00937 1.16773
3.01875 1.15683
3.02812 1.14834
3.0375 1.13455
3.04688 1.12558
3.05625 1.11543
3.06562 1.09719
3.075 1.07857
3.08438 1.07285
3.09375 1.06186
3.10312 1.05301
3.1125 1.03024
3.12187 1.0269
3.13125 1.01901
3.14062 1.01193
3.15 1.00373
3.15937 1.0032
3.16875 0.997929
3.17813 0.993037
3.1875 0.989958
3.19687 0.97881
3.20625 0.976375
3.21562 0.983131
3.225 0.974257
3.23438 0.972442
3.24375 0.962247
3.25312 0.954055
3.2625 0.954091
3.27188 0.944946
3.28125 0.934891
3.29062 0.931221
3.3 0.927877
3.30937 0.916605
3.31875 0.915933
3.32812 0.902177
3.3375 0.897854
3.34687 0.886056
3.35625 0.878896
3.36563 0.871461
3.375 0.868577
3.38437 0.860888
3.39375 0.859878
3.40312 0.853027
3.4125 0.849004
3.42188 0.843648
3.43125 0.839969
3.44062 0.8405
3.45 0.84086
3.45938 0.839152
3.46875 0.84297
3.47812 0.84111
3.4875 0.840747
3.49687 0.844976
3.50625 0.844522
3.51562 0.852513
3.525 0.851107
3.53437 0.855869
3.54375 0.866935
3.55313 0.869406
3.5625 0.880346
3.57187 0.886352
3.58125 0.890524
3.59062 0.896903
3.6 0.907676
3.60938 0.917718
3.61875 0.934419
3.62812 0.946773
3.6375 0.959864
3.64687 0.971633
3.65625 0.981648
3.66562 0.992809
3.675 1.00547
3.68437 1.01811
3.69375 1.03128
3.70312 1.04279
3.7125 1.05334
3.72187 1.06744
3.73125 1.0733
3.74062 1.08635

0.009375 0
0.01875 0
0.028125 0
0.0375 0
0.046875 0
0.05625 0
0.065625 0
0.075 0
0.084375 0
0.09375 0
0.103125 0
0.1125 0
0.121875 0
0.13125 0
0.140625 0
0.15 0
0.159375 0
0.16875 0
0.178125 0
0.1875 0
0.196875 0
0.20625 0
0.215625 0
0.225 0
0.234375 0
0.24375 0
0.253125 0
0.2625 0
0.271875 0
0.28125 0
0.290625 0
0.3 0
0.309375 0
0.31875 0
0.328125 0
0.3375 0
0.346875 0
0.35625 0
0.365625 0
0.375 0
0.384375 0
0.39375 0
0.403125 0
0.4125 0
0.421875 0
0.43125 0
0.440625 0
0.45 0
0.459375 0
0.46875 0
0.478125 0
0.4875 0
0.496875 0
0.50625 0
0.515625 0
0.525 0
0.534375 0
0.54375 0
0.553125 0
0.5625 0
0.571875 0
0.58125 0
0.590625 0
0.6 0
0.609375 0
0.61875 0
0.628125 0
0.6375 0
0.646875 0
0.65625 0
0.665625 0
0.675 0
0.684375 0
0.69375 0
0.703125 0
0.7125 0
0.721875 0
0.73125 0
0.740625 0
0.75 0
0.759375 0
0.76875 0
0.778125 0
0.7875 0
0.796875 0
0.80625 0
0.815625 0
0.825 0
0.834375 0
0.84375 0
0.853125 0
0.8625 0
0.871875 0
0.88125 0
0.890625 0
0.9 0
0.909375 0
0.91875 0
0.928125 0
0.9375 0
0.946875 0
0.95625 0.00113217
0.965625 0.00759271
0.975 0.0224915
0.984375 0.0674433
0.99375 0.166293
1.00313 0.361813
1.0125 0.681729
1.02187 1.13458
1.03125 1.69031
1.04062 2.33572
1.05 2.97586
1.05937 3.54824
1.06875 4.08582
1.07812 4.39606
1.0875 4.63048
1.09688 4.72515
1.10625 4.65459
1.11562 4.51416
1.125 4.30503
1.13437 4.03304
1.14375 3.69883
1.15312 3.38862
1.1625 3.12723
1.17188 2.83072
1.18125 2.57271
1.19063 2.30026
1.2 2.07419
1.20937 1.86866
1.21875 1.68887
1.22812 1.54043
1.2375 1.37773
1.24687 1.24379
1.25625 1.1339
1.26562 1.04631
1.275 0.964333
1.28438 0.880028
1.29375 0.826289
1.30312 0.758565
1.3125 0.696668
1.32187 0.667268
1.33125 0.615965
1.34062 0.595046
1.35 0.545268
1.35938 0.519363
1.36875 0.501587
1.37813 0.47492
1.3875 0.446488
1.39687 0.437184
1.40625 0.423786
1.41562 0.420044
1.425 0.416475
1.43437 0.409948
1.44375 0.402476
1.45312 0.402807
1.4625 0.405788
1.47188 0.39618
1.48125 0.398414
1.49062 0.401092
1.5 0.393302
1.50937 0.406047
1.51875 0.407043
1.52812 0.413612
1.5375 0.415085
1.54688 0.424991
1.55625 0.43987
1.56563 0.451478
1.575 0.453472
1.58437 0.453273
1.59375 0.470079
1.60312 0.481106
1.6125 0.495532
1.62187 0.503923
1.63125 0.512818
1.64062 0.530193
1.65 0.535843
1.65938 0.556995
1.66875 0.570508
1.67812 0.586359
1.6875 0.611357
1.69687 0.63252
1.70625 0.654835
1.71562 0.674326
1.725 0.709554
1.73438 0.749376
1.74375 0.777316
1.75313 0.816488
1.7625 0.852371
1.77187 0.884867
1.78125 0.917937
1.79062 0.974141
1.8 1.01862
1.80937 1.05408
1.81875 1.10359
1.82812 1.15736
1.8375 1.1965
1.84687 1.24393
1.85625 1.29269
1.86562 1.32501
1.875 1.35012
1.88437 1.38846
1.89375 1.41391
1.90312 1.43811
1.9125 1.44112
1.92188 1.45181
1.93125 1.45318
1.94062 1.45664
1.95 1.44131
1.95937 1.43247
1.96875 1.43283
1.97812 1.42425
1.9875 1.42308
1.99687 1.41514
2.00625 1.40136
2.01562 1.37616
2.025 1.35919
2.03437 1.34668
2.04375 1.33942
2.05313 1.33876
2.0625 1.33756
2.07187 1.32849
2.08125 1.33375
2.09062 1.34889
2.1 1.35301
2.10938 1.35237
2.11875 1.36432
2.12812 1.36877
2.1375 1.36597
2.14688 1.3743
2.15625 1.35669
2.16562 1.35288
2.175 1.3507
2.18437 1.33606
2.19375 1.32603
2.20312 1.30281
2.2125 1.27472
2.22187 1.24911
2.23125 1.206
2.24063 1.16912
2.25 1.14247
2.25937 1.10583
2.26875 1.0546
2.27812 1.03171
2.2875 0.999511
2.29688 0.96759
2.30625 0.939523
2.31562 0.903984
2.325 0.870672
2.33438 0.834678
2.34375 0.810234
2.35312 0.783651
2.3625 0.757842
2.37187 0.732074
2.38125 0.72322
2.39062 0.708252
2.4 0.702604
2.40937 0.690937
2.41875 0.679578
2.42813 0.661083
2.4375 0.650067
2.44687 0.64629
2.45625 0.645163
2.46562 0.645832
2.475 0.648912
2.48438 0.647992
2.49375 0.649865
2.50312 0.651907
2.5125 0.653428
2.52188 0.657923
2.53125 0.667298
2.54062 0.676806
2.55 0.682662
2.55937 0.695601
2.56875 0.713198
2.57812 0.727784
2.5875 0.737882
2.59687 0.754967
2.60625 0.767789
2.61563 0.784383
2.625 0.810013
2.63437 0.819766
2.64375 0.84694
2.65312 0.866275
2.6625 0.888353
2.67188 0.908605
2.68125 0.929893
2.69062 0.951514
2.7 0.976346
2.70938 0.989651
2.71875 1.01085
2.72812 1.0364
2.7375 1.05777
2.74687 1.0757
2.75625 1.09468
2.76562 1.11779
2.775 1.13717
2.78437 1.16344
2.79375 1.17119
2.80313 1.18526
2.8125 1.2086
2.82187 1.21743
2.83125 1.23218
2.84062 1.24581
2.85 1.24319
2.85938 1.25311
2.86875 1.256
2.87812 1.26058
2.8875 1.26479
2.89688 1.26306
2.90625 1.25282
2.91562 1.25625
2.925 1.25611
2.93437 1.25524
2.94375 1.26071
2.95312 1.24913
2.9625 1.23235
2.97187 1.23249
2.98125 1.22672
2.99063 1.21161
3 1.19802
3.00937 1.18199
3.01875 1.16237
3.02812 1.15448
3.0375 1.14401
3.04688 1.1265
3.05625 1.11405
3.06562 1.10385
3.075 1.09406
3.08438 1.07632
3.09375 1.06281
3.10312 1.0564
3.1125 1.04211
3.12187 1.03767
3.13125 1.02777
3.14062 1.01378
3.15 1.0082
3.15937 0.998215
3.16875 0.989615
3.17813 0.985532
3.1875 0.974849
3.19687 0.964492
3.20625 0.965969
3.21562 0.960536
3.225 0.957324
3.23438 0.946382
3.24375 0.943571
3.25312 0.930039
3.2625 0.924481
3.27188 0.918706
3.28125 0.912587
3.29062 0.908086
3.3 0.903231
3.30937 0.896186
3.31875 0.884603
3.32812 0.879344
3.3375 0.875518
3.34687 0.871615
3.35625 0.862965
3.36563 0.859447
3.375 0.853013
3.38437 0.84721
3.39375 0.846704
3.40312 0.842546
3.4125 0.837948
3.42188 0.834354
3.43125 0.826698
3.44062 0.825035
3.45 0.833326
3.45938 0.831836
3.46875 0.83549
3.47812 0.828517
3.4875 0.832013
3.49687 0.836374
3.50625 0.835711
3.51562 0.847992
3.525 0.856316
3.53437 0.860324
3.54375 0.873988
3.55313 0.877435
3.5625 0.891248
3.57187 0.896809
3.58125 0.909597
3.59062 0.920943
3.6 0.925414
3.60938 0.930715
3.61875 0.941779
3.62812 0.956269
3.6375 0.975702
3.64687 0.986318
3.65625 1.00054
3.66562 1.01037
3.675 1.01952
3.68437 1.02987
3.69375 1.04535
3.70312 1.05687
3.7125 1.07005
3.72187 1.08051
3.73125 1.09348
3.74062 1.10011

0.009375 0
0.01875 0
0.028125 0
0.0375 0
0.046875 0
0.05625 0
0.065625 0
0.075 0
0.084375 0
0.09375 0
0.103125 0
0.1125 0
0.121875 0
0.13125 0
0.140625 0
0.15 0
0.159375 0
0.16875 0
0.178125 0
0.1875 0
0.196875 0
0.20625 0
0.215625 0
0.225 0
0.234375 0
0.24375 0
0.253125 0
0.2625 0
0.271875 0
0.28125 0
0.290625 0
0.3 0
0.309375 0
0.31875 0
0.328125 0
0.3375 0
0.346875 0
0.35625 0
0.365625 0
0.375 0
0.384375 0
0.39375 0
0.403125 0
0.4125 0
0.421875 0
0.43125 0
0.440625 0
0.45 0
0.459375 0
0.46875 0
0.478125 0
0.4875 0
0.496875 0
0.50625 0
0.515625 0
0.525 0
0.534375 0
0.54375 0
0.553125 0
0.5625 0
0.571875 0
0.58125 0
0.590625 0
0.6 0
0.609375 0
0.61875 0
0.628125 0
0.6375 0
0.646875 0
0.65625 0
0.665625 0
0.675 0
0.684375 0
0.69375 0
0.703125 0
0.7125 0
0.721875 0
0.73125 0
0.740625 0
0.75 0
0.759375 0
0.76875 0
0.778125 0
0.7875 0
0.796875 0
0.80625 0
0.815625 0
0.825 0
0.834375 0
0.84375 0
0.853125 0
0.8625 0
0.871875 0
0.88125 0
0.890625 0
0.9 0
0.909375 0
0.91875 0
0.928125 0
0.9375 0
0.946875 0.000218435
0.95625 0.00171355
0.965625 0.00699249
0.975 0.0265835
0.984375 0.0738555
0.99375 0.182336
1.00313 0.387406
1.0125 0.704231
1.02187 1.14669
1.03125 1.68663
1.04062 2.32589
1.05 2.9799
1.05937 3.57634
1.06875 4.01946
1.07812 4.393
1.0875 4.64066
1.09688 4.73397
1.10625 4.68548
1.11562 4.50953
1.125 4.28315
1.13437 3.99447
1.14375 3.71387
1.15312 3.42475
1.1625 3.14038
1.17188 2.86256
1.18125 2.57172
1.19063 2.31782
1.2 2.11021
1.20937 1.9027
1.21875 1.71237
1.22812 1.53385
1.2375 1.39849
1.24687 1.26609
1.25625 1.1653
1.26562 1.04333
1.275 0.961572
1.28438 0.873601
1.29375 0.803295
1.30312 0.754633
1.3125 0.701342
1.32187 0.655707
1.33125 0.624974
1.34062 0.585007
1.35 0.541249
1.35938 0.523053
1.36875 0.498427
1.37813 0.487642
1.3875 0.460265
1.39687 0.447454
1.40625 0.428186
1.41562 0.424386
1.425 0.419212
1.43437 0.41164
1.44375 0.405816
1.45312 0.408365
1.4625 0.399908
1.47188 0.396193
1.48125 0.392656
1.49062 0.388076
1.5 0.403435
1.50937 0.414318
1.51875 0.408382
1.52812 0.417052
1.5375 0.410927
1.54688 0.422291
1.55625 0.424076
1.56563 0.439561
1.575 0.449147
1.58437 0.459349
1.59375 0.462846
1.60312 0.469411
1.6125 0.493706
1.62187 0.501947
1.63125 0.510147
1.64062 0.519735
1.65 0.528526
1.65938 0.541434
1.66875 0.561669
1.67812 0.578337
1.6875 0.598806
1.69687 0.627485
1.70625 0.653957
1.71562 0.670593
1.725 0.70316
1.73438 0.722796
1.74375 0.753294
1.75313 0.792529
1.7625 0.834041
1.77187 0.869809
1.78125 0.919026
1.79062 0.963875
1.8 1.00474
1.80937 1.05196
1.81875 1.09287
1.82812 1.14123
1.8375 1.17501
1.84687 1.24193
1.85625 1.28042
1.86562 1.31373
1.875 1.35064
1.88437 1.36652
1.89375 1.39531
1.90312 1.43332
1.9125 1.45929
1.92188 1.46621
1.93125 1.47123
1.94062 1.47701
1.95 1.49471
1.95937 1.48879
1.96875 1.49452
1.97812 1.47739
1.9875 1.46065
1.99687 1.45613
2.00625 1.4355
2.01562 1.40877
2.025 1.40076
2.03437 1.38581
2.04375 1.36205
2.05313 1.35015
2.0625 1.34307
2.07187 1.33924
2.08125 1.34694
2.09062 1.34314
2.1 1.3277
2.10938 1.34641
2.11875 1.36738
2.12812 1.36308
2.1375 1.36362
2.14688 1.36431
2.15625 1.37635
2.16562 1.36944
2.175 1.36076
2.18437 1.3479
2.19375 1.32309
2.20312 1.30539
2.2125 1.27233
2.22187 1.23608
2.23125 1.21744
2.24063 1.17734
2.25 1.13847
2.25937 1.10332
2.26875 1.06966
2.27812 1.04539
2.2875 0.998818
2.29688 0.957418
2.30625 0.93092
2.31562 0.89766
2.325 0.862514
2.33438 0.838355
2.34375 0.81463
2.35312 0.792942
2.3625 0.76658
2.37187 0.745191
2.38125 0.729553
2.39062 0.70514
2.4 0.691937
2.40937 0.684289
2.41875 0.660165
2.42813 0.653879
2.4375 0.64425
2.44687 0.635533
2.45625 0.635394
2.46562 0.629363
2.475 0.632512
2.48438 0.629626
2.49375 0.633388
2.50312 0.633069
2.5125 0.63976
2.52188 0.645764
2.53125 0.651336
2.54062 0.657559
2.55 0.676805
2.55937 0.680533
2.56875 0.692885
2.57812 0.70911
2.5875 0.714456
2.59687 0.740439
2.60625 0.75867
2.61563 0.777214
2.625 0.788888
2.63437 0.811335
2.64375 0.824708
2.65312 0.847751
2.6625 0.864041
2.67188 0.888033
2.68125 0.914995
2.69062 0.938585
2.7 0.958795
2.70938 0.982417
2.71875 1.0113
2.72812 1.03953
2.7375 1.05908
2.74687 1.08217
2.75625 1.10169
2.76562 1.11671
2.775 1.14059
2.78437 1.16616
2.79375 1.19267
2.80313 1.21171
2.8125 1.22365
2.82187 1.23327
2.83125 1.24555
2.84062 1.25551
2.85 1.27087
2.85938 1.27648
2.86875 1.28493
2.87812 1.28961
2.8875 1.29142
2.89688 1.29022
2.90625 1.29741
2.91562 1.29675
2.925 1.29446
2.93437 1.27854
2.94375 1.27719
2.95312 1.26302
2.9625 1.25452
2.97187 1.24695
2.98125 1.22808
2.99063 1.22545
3 1.22209
3.00937 1.19949
3.01875 1.1879
3.02812 1.17742
3.0375 1.15874
3.04688 1.14152
3.05625 1.12442
3.06562 1.10157
3.075 1.08746
3.08438 1.07798
3.09375 1.06187
3.10312 1.05024
3.1125 1.03986
3.12187 1.02537
3.13125 1.01621
3.14062 1.0088
3.15 0.999662
3.15937 0.990541
3.16875 0.987632
3.17813 0.983183
3.1875 0.969608
3.19687 0.961771
3.20625 0.957728
3.21562 0.952318
3.225 0.947469
3.23438 0.943708
3.24375 0.938376
3.25312 0.923269
3.2625 0.921178
3.27188 0.917506
3.28125 0.90571
3.29062 0.900634
3.3 0.892649
3.30937 0.886605
3.31875 0.87865
3.32812 0.872692
3.3375 0.867636
3.34687 0.862004
3.35625 0.853137
3.36563 0.851176
3.375 0.839192
3.38437 0.830819
3.39375 0.830555
3.40312 0.821259
3.4125 0.816899
3.42188 0.812616
3.43125 0.815796
3.44062 0.815747
3.45 0.813818
3.45938 0.815777
3.46875 0.820551
3.47812 0.818673
3.4875 0.818769
3.49687 0.818041
3.50625 0.821343
3.51562 0.827522
3.525 0.834313
3.53437 0.84377
3.54375 0.85389
3.55313 0.863665
3.5625 0.872529
3.57187 0.885182
3.58125 0.902704
3.59062 0.917551
3.6 0.926745
3.60938 0.933932
3.61875 0.942558
3.62812 0.963826
3.6375 0.974989
3.64687 0.986657
3.65625 0.998468
3.66562 1.00865
3.675 1.02899
3.68437 1.03739
3.69375 1.05231
3.70312 1.06998
3.7125 1.08694
3.72187 1.09265
3.73125 1.10566
3.74062 1.12078

0.009375 0
0.01875 0
0.028125 0
0.0375 0
0.046875 0
0.05625 0
0.065625 0
0.075 0
0.084375 0
0.09375 0
0.103125 0
0.1125 0
0.121875 0
0.13125 0
0.140625 0
0.15 0
0.159375 0
0.16875 0
0.178125 0
0.1875 0
0.196875 0
0.20625 0
0.215625 0
0.225 0
0.234375 0
0.24375 0
0.253125 0
0.2625 0
0.271875 0
0.28125 0
0.290625 0
0.3 0
0.309375 0
0.31875 0
0.328125 0
0.3375 0
0.346875 0
0.35625 0
0.365625 0
0.375 0
0.384375 0
0.39375 0
0.403125 0
0.4125 0
0.421875 0
0.43125 0
0.440625 0
0.45 0
0.459375 0
0.46875 0
0.478125 0
0.4875 0
0.496875 0
0.50625 0
0.515625 0
0.525 0
0.534375 0
0.54375 0
0.553125 0
0.5625 0
0.571875 0
0.58125 0
0.590625 0
0.6 0
0.609375 0
0.61875 0
0.628125 0
0.6375 0
0.646875 0
0.65625 0
0.665625 0
0.675 0
0.684375 0
0.69375 0
0.703125 0
0.7125 0
0.721875 0
0.73125 0
0.740625 0
0.75 0
0.759375 0
0.76875 0
0.778125 0
0.7875 0
0.796875 0
0.80625 0
0.815625 0
0.825 0
0.834375 0
0.84375 0
0.853125 0
0.8625 0
0.871875 0
0.88125 0
0.890625 0
0.9 0
0.909375 0
0.91875 0
0.928125 0
0.9375 0
0.946875 0
0.95625 0.00140756
0.965625 0.00513183
0.975 0.0206074
0.984375 0.0713426
0.99375 0.179529
1.00313 0.369964
1.0125 0.69582
1.02187 1.11809
1.03125 1.66375
1.04062 2.29282
1.05 2.92229
1.05937 3.51296
1.06875 4.02
1.07812 4.38673
1.0875 4.65108
1.09688 4.71173
1.10625 4.64681
1.11562 4.53256
1.125 4.32579
1.13437 4.09081
1.14375 3.75991
1.15312 3.42772
1.1625 3.15996
1.17188 2.84111
1.18125 2.55678
1.19063 2.31719
1.2 2.10816
1.20937 1.87769
1.21875 1.69555
1.22812 1.53173
1.2375 1.39342
1.24687 1.26219
1.25625 1.15242
1.26562 1.04805
1.275 0.976877
1.28438 0.900399
1.29375 0.834702
1.30312 0.760068
1.3125 0.714127
1.32187 0.66921
1.33125 0.623375
1.34062 0.584024
1.35 0.546253
1.35938 0.525453
1.36875 0.507833
1.37813 0.482175
1.3875 0.456474
1.39687 0.447152
1.40625 0.42986
1.41562 0.421207
1.425 0.415922
1.43437 0.405377
1.44375 0.402853
1.45312 0.400108
1.4625 0.401548
1.47188 0.399511
1.48125 0.403021
1.49062 0.395052
1.5 0.396908
1.50937 0.400698
1.51875 0.395246
1.52812 0.406421
1.5375 0.408753
1.54688 0.415988
1.55625 0.432901
1.56563 0.438094
1.575 0.447256
1.58437 0.455646
1.59375 0.464925
1.60312 0.483314
1.6125 0.495186
1.62187 0.50388
1.63125 0.507571
1.64062 0.521196
1.65 0.528877
1.65938 0.544873
1.66875 0.554354
1.67812 0.568459
1.6875 0.591474
1.69687 0.624176
1.70625 0.652074
1.71562 0.671089
1.725 0.692054
1.73438 0.723188
1.74375 0.751547
1.75313 0.793718
1.7625 0.837162
1.77187 0.869173
1.78125 0.903701
1.79062 0.950164
1.8 0.988901
1.80937 1.04288
1.81875 1.09191
1.82812 1.13065
1.8375 1.17692
1.84687 1.22297
1.85625 1.2489
1.86562 1.29721
1.875 1.33756
1.88437 1.37061
1.89375 1.38968
1.90312 1.41406
1.9125 1.43904
1.92188 1.45916
1.93125 1.48465
1.94062 1.4949
1.95 1.4907
1.95937 1.50165
1.96875 1.49843
1.97812 1.49497
1.9875 1.45717
1.99687 1.44099
2.00625 1.42129
2.01562 1.41121
2.025 1.41526
2.03437 1.3904
2.04375 1.37339
2.05313 1.36655
2.0625 1.35269
2.07187 1.33619
2.08125 1.34024
2.09062 1.34516
2.1 1.35215
2.10938 1.34653
2.11875 1.35277
2.12812 1.36754
2.1375 1.37952
2.14688 1.38189
2.15625 1.37462
2.16562 1.35718
2.175 1.36675
2.18437 1.33641
2.19375 1.32456
2.20312 1.31075
2.2125 1.28939
2.22187 1.25327
2.23125 1.22468
2.24063 1.19386
2.25 1.14658
2.25937 1.11591
2.26875 1.07555
2.27812 1.03136
2.2875 0.994085
2.29688 0.953519
2.30625 0.924444
2.31562 0.896138
2.325 0.864841
2.33438 0.847558
2.34375 0.807432
2.35312 0.790818
2.3625 0.769752
2.37187 0.748518
2.38125 0.726153
2.39062 0.704322
2.4 0.690613
2.40937 0.6753
2.41875 0.664505
2.42813 0.64721
2.4375 0.639726
2.44687 0.638772
2.45625 0.632567
2.46562 0.62664
2.475 0.626814
2.48438 0.625599
2.49375 0.623031
2.50312 0.627682
2.5125 0.627862
2.52188 0.632547
2.53125 0.643072
2.54062 0.652709
2.55 0.663453
2.55937 0.675187
2.56875 0.688524
2.57812 0.701375
2.5875 0.711298
2.59687 0.728153
2.60625 0.753899
2.61563 0.771457
2.625 0.786829
2.63437 0.807818
2.64375 0.831008
2.65312 0.851827
2.6625 0.868553
2.67188 0.899782
2.68125 0.916444
2.69062 0.937601
2.7 0.962399
2.70938 0.997795
2.71875 1.02069
2.72812 1.04624
2.7375 1.07082
2.74687 1.08729
2.75625 1.10846
2.76562 1.12272
2.775 1.14425
2.78437 1.16661
2.79375 1.1925
2.80313 1.2026
2.8125 1.22111
2.82187 1.24028
2.83125 1.24323
2.84062 1.24668
2.85 1.25497
2.85938 1.26252
2.86875 1.27582
2.87812 1.2796
2.8875 1.28422
2.89688 1.28671
2.90625 1.28159
2.91562 1.27859
2.925 1.28658
2.93437 1.2777
2.94375 1.26857
2.95312 1.2634
2.9625 1.25698
2.97187 1.24283
2.98125 1.2317
2.99063 1.22801
3 1.20888
3.00937 1.19948
3.01875 1.18512
3.02812 1.17449
3.0375 1.15736
3.04688 1.13969
3.05625 1.12315
3.06562 1.11523
3.075 1.10077
3.08438 1.08771
3.09375 1.07911
3.10312 1.07432
3.1125 1.06186
3.12187 1.04448
3.13125 1.02924
3.14062 1.01975
3.15 1.00914
3.15937 0.997907
3.16875 0.986636
3.17813 0.983724
3.1875 0.975132
3.19687 0.966284
3.20625 0.957832
3.21562 0.952375
3.225 0.94401
3.23438 0.94042
3.24375 0.930359
3.25312 0.923748
3.2625 0.918793
3.27188 0.913819
3.28125 0.904867
3.29062 0.898472
3.3 0.889454
3.30937 0.881625
3.31875 0.872439
3.32812 0.868118
3.3375 0.853703
3.34687 0.851748
3.35625 0.843121
3.36563 0.83783
3.375 0.829926
3.38437 0.824735
3.39375 0.818038
3.40312 0.812008
3.4125 0.808476
3.42188 0.81218
3.43125 0.810846
3.44062 0.815066
3.45 0.814872
3.45938 0.813703
3.46875 0.816717
3.47812 0.818489
3.4875 0.822634
3.49687 0.82922
3.50625 0.829417
3.51562 0.830388
3.525 0.841133
3.53437 0.847973
3.54375 0.859097
3.55313 0.86437
3.5625 0.874861
3.57187 0.88794
3.58125 0.896501
3.59062 0.908989
3.6 0.924109
3.60938 0.938696
3.61875 0.94986
3.62812 0.964666
3.6375 0.978128
3.64687 0.991726
3.65625 1.00583
3.66562 1.02467
3.675 1.02967
3.68437 1.04584
3.69375 1.05497
3.70312 1.06788
3.7125 1.08048
3.72187 1.10019
3.73125 1.10961
3.74062 1.11883

0.009375 0
0.01875 0
0.028125 0
0.0375 0
0.046875 0
0.05625 0
0.065625 0
0.075 0
0.084375 0
0.09375 0
0.103125 0
0.1125 0
0.121875 0
0.13125 0
0.140625 0
0.15 0
0.159375 0
0.16875 0
0.178125 0
0.1875 0
0.196875 0
0.20625 0
0.215625 0
0.225 0
0.234375 0
0.24375 0
0.253125 0
0.2625 0
0.271875 0
0.28125 0
0.290625 0
0.3 0
0.309375 0
0.31875 0
0.328125 0
0.3375 0
0.346875 0
0.35625 0
0.365625 0
0.375 0
0.384375 0
0.39375 0
0.403125 0
0.4125 0
0.421875 0
0.43125 0
0.440625 0
0.45 0
0.459375 0
0.46875 0
0.478125 0
0.4875 0
0.496875 0
0.50625 0
0.515625 0
0.525 0
0.534375 0
0.54375 0
0.553125 0
0.5625 0
0.571875 0
0.58125 0
0.590625 0
0.6 0
0.609375 0
0.61875 0
0.628125 0
0.6375 0
0.646875 0
0.65625 0
0.665625 0
0.675 0
0.684375 0
0.69375 0
0.703125 0
0.7125 0
0.721875 0
0.73125 0
0.740625 0
0.75 0
0.759375 0
0.76875 0
0.778125 0
0.7875 0
0.796875 0
0.80625 0
0.815625 0
0.825 0
0.834375 0
0.84375 0
0.853125 0
0.8625 0
0.871875 0
0.88125 0
0.890625 0
0.9 0
0.909375 0
0.91875 0
0.928125 0
0.9375 0
0.946875 0.000468075
0.95625 0.00177475
0.965625 0.00864308
0.975 0.0286442
0.984375 0.0805276
0.99375 0.192483
1.00313 0.402234
1.0125 0.725067
1.02187 1.16203
1.03125 1.73765
1.04062 2.3676
1.05 2.99801
1.05937 3.56142
1.06875 4.05117
1.07812 4.40616
1.0875 4.61795
1.09688 4.70109
1.10625 4.64965
1.11562 4.49147
1.125 4.27926
1.13437 3.99898
1.14375 3.72
1.15312 3.4444
1.1625 3.15662
1.17188 2.87954
1.18125 2.59639
1.19063 2.35079
1.2 2.08778
1.20937 1.88085
1.21875 1.73761
1.22812 1.53937
1.2375 1.39663
1.24687 1.26385
1.25625 1.14014
1.26562 1.05783
1.275 0.972356
1.28438 0.900076
1.29375 0.834602
1.30312 0.766462
1.3125 0.697466
1.32187 0.649445
1.33125 0.605326
1.34062 0.588036
1.35 0.544883
1.35938 0.519606
1.36875 0.502591
1.37813 0.478451
1.3875 0.455775
1.39687 0.448907
1.40625 0.437979
1.41562 0.420185
1.425 0.409176
1.43437 0.40816
1.44375 0.39422
1.45312 0.385391
1.4625 0.382424
1.47188 0.383804
1.48125 0.388369
1.49062 0.397984
1.5 0.400103
1.50937 0.401499
1.51875 0.403098
1.52812 0.411279
1.5375 0.410654
1.54688 0.42235
1.55625 0.430616
1.56563 0.427942
1.575 0.433997
1.58437 0.449111
1.59375 0.462393
1.60312 0.47187
1.6125 0.474227
1.62187 0.485287
1.63125 0.506261
1.64062 0.521551
1.65 0.524161
1.65938 0.538914
1.66875 0.553597
1.67812 0.571512
1.6875 0.599082
1.69687 0.612963
1.70625 0.64497
1.71562 0.676942
1.725 0.694519
1.73438 0.726029
1.74375 0.768553
1.75313 0.801601
1.7625 0.83538
1.77187 0.880167
1.78125 0.911842
1.79062 0.958308
1.8 1.01026
1.80937 1.06091
1.81875 1.09813
1.82812 1.14417
1.8375 1.19733
1.84687 1.23245
1.85625 1.27774
1.86562 1.31662
1.875 1.3649
1.88437 1.38955
1.89375 1.42298
1.90312 1.45279
1.9125 1.47359
1.92188 1.48543
1.93125 1.48887
1.94062 1.50114
1.95 1.50732
1.95937 1.48707
1.96875 1.48933
1.97812 1.48023
1.9875 1.48103
1.99687 1.45573
2.00625 1.44578
2.01562 1.41738
2.025 1.39757
2.03437 1.38838
2.04375 1.37652
2.05313 1.35495
2.0625 1.34623
2.07187 1.33492
2.08125 1.34044
2.09062 1.33167
2.1 1.3321
2.10938 1.34512
2.11875 1.35042
2.12812 1.35095
2.1375 1.35283
2.14688 1.35327
2.15625 1.36156
2.16562 1.35432
2.175 1.34105
2.18437 1.33156
2.19375 1.32187
2.20312 1.29315
2.2125 1.26021
2.22187 1.2479
2.23125 1.22346
2.24063 1.18916
2.25 1.14419
2.25937 1.0952
2.26875 1.06803
2.27812 1.04543
2.2875 1.00658
2.29688 0.975522
2.30625 0.942803
2.31562 0.902326
2.325 0.871052
2.33438 0.843457
2.34375 0.817325
2.35312 0.791545
2.3625 0.770508
2.37187 0.740978
2.38125 0.724014
2.39062 0.704431
2.4 0.685462
2.40937 0.668828
2.41875 0.659102
2.42813 0.644556
2.4375 0.641876
2.44687 0.636168
2.45625 0.632888
2.46562 0.625751
2.475 0.626239
2.48438 0.6259
2.49375 0.630111
2.50312 0.627547
2.5125 0.637107
2.52188 0.642993
2.53125 0.643761
2.54062 0.655483
2.55 0.670319
2.55937 0.687418
2.56875 0.692245
2.57812 0.709266
2.5875 0.72229
2.59687 0.735976
2.60625 0.754446
2.61563 0.774868
2.625 0.795144
2.63437 0.809075
2.64375 0.825582
2.65312 0.852371
2.6625 0.876159
2.67188 0.897333
2.68125 0.926322
2.69062 0.951405
2.7 0.973828
2.70938 0.996817
2.71875 1.01917
2.72812 1.04477
2.7375 1.06712
2.74687 1.09315
2.75625 1.12239
2.76562 1.14595
2.775 1.15489
2.78437 1.17333
2.79375 1.18833
2.80313 1.21023
2.8125 1.22109
2.82187 1.236
2.83125 1.24944
2.84062 1.25637
2.85 1.25802
2.85938 1.2657
2.86875 1.27632
2.87812 1.2808
2.8875 1.28138
2.89688 1.28006
2.90625 1.2829
2.91562 1.28526
2.925 1.27788
2.93437 1.26703
2.94375 1.25973
2.95312 1.24622
2.9625 1.23579
2.97187 1.23488
2.98125 1.21956
2.99063 1.2133
3 1.20892
3.00937 1.19115
3.01875 1.1831
3.02812 1.1699
3.0375 1.15178
3.04688 1.14212
3.05625 1.12182
3.06562 1.11155
3.075 1.09854
3.08438 1.08131
3.09375 1.069
3.10312 1.06024
3.1125 1.0481
3.12187 1.03792
3.13125 1.02674
3.14062 1.01482
3.15 1.00663
3.15937 0.995051
3.16875 0.984138
3.17813 0.98303
3.1875 0.975515
3.19687 0.965523
3.20625 0.962001
3.21562 0.955332
3.225 0.951037
3.23438 0.947635
3.24375 0.937819
3.25312 0.930531
3.2625 0.926281
3.27188 0.919543
3.28125 0.911323
3.29062 0.902586
3.3 0.89654
3.30937 0.893698
3.31875 0.880526
3.32812 0.876586
3.3375 0.870024
3.34687 0.859403
3.35625 0.848034
3.36563 0.846877
3.375 0.834707
3.38437 0.829963
3.39375 0.822043
3.40312 0.819269
3.4125 0.82005
3.42188 0.813162
3.43125 0.811481
3.44062 0.8115
3.45 0.807526
3.45938 0.806076
3.46875 0.809054
3.47812 0.808622
3.4875 0.808512
3.49687 0.810388
3.50625 0.81644
3.51562 0.829476
3.525 0.830308
3.53437 0.843371
3.54375 0.850996
3.55313 0.858557
3.5625 0.874985
3.57187 0.886125
3.58125 0.895501
3.59062 0.9118
3.6 0.926199
3.60938 0.943312
3.61875 0.960341
3.62812 0.969693
3.6375 0.985404
3.64687 0.992016
3.65625 1.00701
3.66562 1.0258
3.675 1.04564
3.68437 1.05498
3.69375 1.0658
3.70312 1.07829
3.7125 1.0921
3.72187 1.10963
3.73125 1.12005
3.74062 1.12224

0.009375 0
0.01875 0
0.028125 0
0.0375 0
0.046875 0
0.05625 0
0.065625 0
0.075 0
0.084375 0
0.09375 0
0.103125 0
0.1125 0
0.121875 0
0.13125 0
0.140625 0
0.15 0
0.159375 0
0.16875 0
0.178125 0
0.1875 0
0.196875 0
0.20625 0
0.215625 0
0.225 0
0.234375 0
0.24375 0
0.253125 0
0.2625 0
0.271875 0
0.28125 0
0.290625 0
0.3 0
0.309375 0
0.31875 0
0.328125 0
0.3375 0
0.346875 0
0.35625 0
0.365625 0
0.375 0
0.384375 0
0.39375 0
0.403125 0
0.4125 0
0.421875 0
0.43125 0
0.440625 0
0.45 0
0.459375 0
0.46875 0
0.478125 0
0.4875 0
0.496875 0
0.50625 0
0.515625 0
0.525 0
0.534375 0
0.54375 0
0.553125 0
0.5625 0
0.571875 0
0.58125 0
0.590625 0
0.6 0
0.609375 0
0.61875 0
0.628125 0
0.6375 0
0.646875 0
0.65625 0
0.665625 0
0.675 0
0.684375 0
0.69375 0
0.703125 0
0.7125 0
0.721875 0
0.73125 0
0.740625 0
0.75 0
0.759375 0
0.76875 0
0.778125 0
0.7875 0
0.796875 0
0.80625 0
0.815625 0
0.825 0
0.834375 0
0.84375 0
0.853125 0
0.8625 0
0.871875 0
0.88125 0
0.890625 0
0.9 0
0.909375 0
0.91875 0
0.928125 0
0.9375 0
0.946875 0.000156025
0.95625 0.00195834
0.965625 0.00909324
0.975 0.0313232
0.984375 0.0890194
0.99375 0.19852
1.00313 0.410969
1.0125 0.740196
1.02187 1.20072
1.03125 1.75414
1.04062 2.39211
1.05 3.00901
1.05937 3.5865
1.06875 4.08498
1.07812 4.45158
1.0875 4.66658
1.09688 4.74589
1.10625 4.68371
1.11562 4.55185
1.125 4.30726
1.13437 4.04819
1.14375 3.77064
1.15312 3.45285
1.1625 3.14604
1.17188 2.84017
1.18125 2.57464
1.19063 2.31743
1.2 2.07709
1.20937 1.88309
1.21875 1.67256
1.22812 1.5163
1.2375 1.35726
1.24687 1.24491
1.25625 1.12427
1.26562 1.01763
1.275 0.948183
1.28438 0.882681
1.29375 0.798033
1.30312 0.740443
1.3125 0.694421
1.32187 0.646732
1.33125 0.600245
1.34062 0.582822
1.35 0.540433
1.35938 0.510571
1.36875 0.483358
1.37813 0.461444
1.3875 0.448208
1.39687 0.440722
1.40625 0.420479
1.41562 0.409371
1.425 0.403951
1.43437 0.402785
1.44375 0.398369
1.45312 0.392264
1.4625 0.39383
1.47188 0.394534
1.48125 0.397506
1.49062 0.391792
1.5 0.394712
1.50937 0.407009
1.51875 0.406349
1.52812 0.403582
1.5375 0.408539
1.54688 0.423923
1.55625 0.436032
1.56563 0.444935
1.575 0.447448
1.58437 0.463143
1.59375 0.477665
1.60312 0.482812
1.6125 0.499583
1.62187 0.510651
1.63125 0.52025
1.64062 0.534034
1.65 0.536576
1.65938 0.557158
1.66875 0.579467
1.67812 0.596706
1.6875 0.608456
1.69687 0.637527
1.70625 0.657856
1.71562 0.67993
1.725 0.697645
1.73438 0.741435
1.74375 0.77958
1.75313 0.808303
1.7625 0.837497
1.77187 0.883184
1.78125 0.913835
1.79062 0.954223
1.8 0.982551
1.80937 1.04014
1.81875 1.08106
1.82812 1.13493
1.8375 1.17717
1.84687 1.22906
1.85625 1.26912
1.86562 1.30829
1.875 1.36172
1.88437 1.40225
1.89375 1.42182
1.90312 1.44753
1.9125 1.47073
1.92188 1.47971
1.93125 1.49114
1.94062 1.49815
1.95 1.50482
1.95937 1.50065
1.96875 1.48868
1.97812 1.47777
1.9875 1.46812
1.99687 1.44836
2.00625 1.42512
2.01562 1.41064
2.025 1.4084
2.03437 1.39705
2.04375 1.37431
2.05313 1.35885
2.0625 1.34975
2.07187 1.35231
2.08125 1.35336
2.09062 1.34515
2.1 1.35279
2.10938 1.35299
2.11875 1.35095
2.12812 1.35974
2.1375 1.37736
2.14688 1.36923
2.15625 1.372
2.16562 1.37416
2.175 1.35586
2.18437 1.34803
2.19375 1.33288
2.20312 1.31503
2.2125 1.28226
2.22187 1.24362
2.23125 1.21649
2.24063 1.18342
2.25 1.15033
2.25937 1.11123
2.26875 1.06657
2.27812 1.02935
2.2875 0.988492
2.29688 0.954346
2.30625 0.920132
2.31562 0.88106
2.325 0.853149
2.33438 0.817734
2.34375 0.796699
2.35312 0.772322
2.3625 0.76061
2.37187 0.735465
2.38125 0.716385
2.39062 0.692853
2.4 0.681812
2.40937 0.665182
2.41875 0.656018
2.42813 0.634821
2.4375 0.625087
2.44687 0.62331
2.45625 0.619526
2.46562 0.614476
2.475 0.620459
2.48438 0.615679
2.49375 0.622244
2.50312 0.625018
2.5125 0.63003
2.52188 0.635348
2.53125 0.643555
2.54062 0.657114
2.55 0.669479
2.55937 0.687027
2.56875 0.701836
2.57812 0.71764
2.5875 0.736402
2.59687 0.757364
2.60625 0.775419
2.61563 0.78835
2.625 0.804452
2.63437 0.831985
2.64375 0.856414
2.65312 0.877011
2.6625 0.898735
2.67188 0.916351
2.68125 0.939238
2.69062 0.959394
2.7 0.996601
2.70938 1.01437
2.71875 1.03848
2.72812 1.06717
2.7375 1.09072
2.74687 1.1029
2.75625 1.1307
2.76562 1.14819
2.775 1.15982
2.78437 1.17501
2.79375 1.1859
2.80313 1.2041
2.8125 1.21488
2.82187 1.23559
2.83125 1.25071
2.84062 1.25039
2.85 1.25659
2.85938 1.25388
2.86875 1.26834
2.87812 1.26186
2.8875 1.25941
2.89688 1.26248
2.90625 1.26353
2.91562 1.25775
2.925 1.26617
2.93437 1.26544
2.94375 1.25199
2.95312 1.24348
2.9625 1.23505
2.97187 1.22116
2.98125 1.22243
2.99063 1.21768
3 1.20539
3.00937 1.18899
3.01875 1.18279
3.02812 1.16657
3.0375 1.15391
3.04688 1.13136
3.05625 1.12488
3.06562 1.1102
3.075 1.09613
3.08438 1.08478
3.09375 1.06984
3.10312 1.06513
3.1125 1.05918
3.12187 1.04114
3.13125 1.03072
3.14062 1.02473
3.15 1.01462
3.15937 1.00866
3.16875 0.998908
3.17813 0.988987
3.1875 0.981898
3.19687 0.976522
3.20625 0.964963
3.21562 0.951422
3.225 0.949038
3.23438 0.946321
3.24375 0.937474
3.25312 0.937038
3.2625 0.923663
3.27188 0.915953
3.28125 0.907128
3.29062 0.896052
3.3 0.895374
3.30937 0.881622
3.31875 0.876525
3.32812 0.866118
3.3375 0.857181
3.34687 0.85119
3.35625 0.839777
3.36563 0.83635
3.375 0.828503
3.38437 0.819144
3.39375 0.818513
3.40312 0.816952
3.4125 0.812653
3.42188 0.806915
3.43125 0.805007
3.44062 0.799998
3.45 0.800973
3.45938 0.80253
3.46875 0.804609
3.47812 0.806221
3.4875 0.809713
3.49687 0.814896
3.50625 0.82086
3.51562 0.826984
3.525 0.837576
3.53437 0.853419
3.54375 0.864022
3.55313 0.868875
3.5625 0.876482
3.57187 0.889774
3.58125 0.905919
3.59062 0.914884
3.6 0.932971
3.60938 0.95351
3.61875 0.963733
3.62812 0.972367
3.6375 0.98583
3.64687 1.00322
3.65625 1.02017
3.66562 1.02949
3.675 1.04491
3.68437 1.05739
3.69375 1.06891
3.70312 1.07775
3.7125 1.09016
3.72187 1.10552
3.73125 1.12204
3.74062 1.13004

0.009375 0
0.01875 0
0.028125 0
0.0375 0
0.046875 0
0.05625 0
0.065625 0
0.075 0
0.084375 0
0.09375 0
0.103125 0
0.1125 0
0.121875 0
0.13125 0
0.140625 0
0.15 0
0.159375 0
0.16875 0
0.178125 0
0.1875 0
0.196875 0
0.20625 0
0.215625 0
0.225 0
0.234375 0
0.24375 0
0.253125 0
0.2625 0
0.271875 0
0.28125 0
0.290625 0
0.3 0
0.309375 0
0.31875 0
0.328125 0
0.3375 0
0.346875 0
0.35625 0
0.365625 0
0.375 0
0.384375 0
0.39375 0
0.403125 0
0.4125 0
0.421875 0
0.43125 0
0.440625 0
0.45 0
0.459375 0
0.46875 0
0.478125 0
0.4875 0
0.496875 0
0.50625 0
0.515625 0
0.525 0
0.534375 0
0.54375 0
0.553125 0
0.5625 0
0.571875 0
0.58125 0
0.590625 0
0.6 0
0.609375 0
0.61875 0
0.628125 0
0.6375 0
0.646875 0
0.65625 0
0.665625 0
0.675 0
0.684375 0
0.69375 0
0.703125 0
0.7125 0
0.721875 0
0.73125 0
0.740625 0
0.75 0
0.759375 0
0.76875 0
0.778125 0
0.7875 0
0.796875 0
0.80625 0
0.815625 0
0.825 0
0.834375 0
0.84375 0
0.853125 0
0.8625 0
0.871875 0
0.88125 0
0.890625 0
0.9 0
0.909375 0
0.91875 0
0.928125 0
0.9375 0
0.946875 0.00043687
0.95625 0.00162175
0.965625 0.00780278
0.975 0.0278199
0.984375 0.075964
0.99375 0.180125
1.00313 0.36401
1.0125 0.6805
1.02187 1.0965
1.03125 1.62165
1.04062 2.26065
1.05 2.91053
1.05937 3.49726
1.06875 3.98513
1.07812 4.33723
1.0875 4.56065
1.09688 4.65853
1.10625 4.64033
1.11562 4.59289
1.125 4.4034
1.13437 4.15619
1.14375 3.85751
1.15312 3.56053
1.1625 3.20996
1.17188 2.92259
1.18125 2.63231
1.19063 2.41016
1.2 2.14525
1.20937 1.9444
1.21875 1.73679
1.22812 1.56564
1.2375 1.37985
1.24687 1.24468
1.25625 1.14257
1.26562 1.04472
1.275 0.934017
1.28438 0.848639
1.29375 0.773547
1.30312 0.727227
1.3125 0.659276
1.32187 0.615197
1.33125 0.571399
1.34062 0.521311
1.35 0.496784
1.35938 0.477891
1.36875 0.465458
1.37813 0.441273
1.3875 0.420218
1.39687 0.402087
1.40625 0.403503
1.41562 0.396149
1.425 0.384985
1.43437 0.399278
1.44375 0.384645
1.45312 0.393155
1.4625 0.394815
1.47188 0.402012
1.48125 0.407628
1.49062 0.410368
1.5 0.418399
1.50937 0.423254
1.51875 0.42679
1.52812 0.435415
1.5375 0.447922
1.54688 0.456751
1.55625 0.468491
1.56563 0.477317
1.575 0.487079
1.58437 0.493086
1.59375 0.499429
1.60312 0.513733
1.6125 0.527792
1.62187 0.533644
1.63125 0.540331
1.64062 0.542551
1.65 0.555657
1.65938 0.574138
1.66875 0.590082
1.67812 0.586988
1.6875 0.596921
1.69687 0.607674
1.70625 0.617297
1.71562 0.641454
1.725 0.669407
1.73438 0.694946
1.74375 0.719123
1.75313 0.757131
1.7625 0.786929
1.77187 0.826058
1.78125 0.862357
1.79062 0.912486
1.8 0.961356
1.80937 0.999502
1.81875 1.03649
1.82812 1.09188
1.8375 1.14566
1.84687 1.19433
1.85625 1.23819
1.86562 1.2865
1.875 1.33087
1.88437 1.3721
1.89375 1.40164
1.90312 1.43977
1.9125 1.46892
1.92188 1.48223
1.93125 1.50595
1.94062 1.52586
1.95 1.5256
1.95937 1.5239
1.96875 1.52149
1.97812 1.50999
1.9875 1.49932
1.99687 1.47732
2.00625 1.46194
2.01562 1.44364
2.025 1.42
2.03437 1.39818
2.04375 1.38186
2.05313 1.35678
2.0625 1.35636
2.07187 1.34461
2.08125 1.35302
2.09062 1.36055
2.1 1.36821
2.10938 1.35952
2.11875 1.36689
2.12812 1.36126
2.1375 1.36129
2.14688 1.37101
2.15625 1.36867
2.16562 1.36945
2.175 1.36838
2.18437 1.3499
2.19375 1.32146
2.20312 1.31112
2.2125 1.27874
2.22187 1.24829
2.23125 1.21571
2.24063 1.18875
2.25 1.14793
2.25937 1.10996
2.26875 1.06658
2.27812 1.03206
2.2875 0.993526
2.29688 0.961739
2.30625 0.930031
2.31562 0.892055
2.325 0.855668
2.33438 0.833738
2.34375 0.804291
2.35312 0.775047
2.3625 0.755456
2.37187 0.729532
2.38125 0.705565
2.39062 0.693247
2.4 0.668365
2.40937 0.659843
2.41875 0.642547
2.42813 0.635533
2.4375 0.630094
2.44687 0.625816
2.45625 0.620665
2.46562 0.626358
2.475 0.61828
2.48438 0.613956
2.49375 0.618975
2.50312 0.626698
2.5125 0.635131
2.52188 0.642643
2.53125 0.648344
2.54062 0.6596
2.55 0.66967
2.55937 0.685441
2.56875 0.702501
2.57812 0.720728
2.5875 0.732601
2.59687 0.752437
2.60625 0.766048
2.61563 0.780992
2.625 0.796799
2.63437 0.819656
2.64375 0.847258
2.65312 0.869311
2.6625 0.882963
2.67188 0.904933
2.68125 0.926137
2.69062 0.946944
2.7 0.975188
2.70938 0.991723
2.71875 1.00564
2.72812 1.02955
2.7375 1.0603
2.74687 1.08402
2.75625 1.1026
2.76562 1.11803
2.775 1.14371
2.78437 1.15962
2.79375 1.1761
2.80313 1.19462
2.8125 1.21161
2.82187 1.22105
2.83125 1.23639
2.84062 1.24526
2.85 1.26253
2.85938 1.26685
2.86875 1.27132
2.87812 1.2768
2.8875 1.27413
2.89688 1.28968
2.90625 1.28342
2.91562 1.28424
2.925 1.27598
2.93437 1.27615
2.94375 1.27578
2.95312 1.26431
2.9625 1.25973
2.97187 1.24772
2.98125 1.24334
2.99063 1.23145
3 1.22135
3.00937 1.20921
3.01875 1.19575
3.02812 1.18537
3.0375 1.16525
3.04688 1.15332
3.05625 1.13438
3.06562 1.11647
3.075 1.10242
3.08438 1.08793
3.09375 1.0822
3.10312 1.06348
3.1125 1.04157
3.12187 1.03627
3.13125 1.02797
3.14062 1.01644
3.15 1.00445
3.15937 0.992296
3.16875 0.986052
3.17813 0.977549
3.1875 0.970925
3.19687 0.965906
3.20625 0.9547
3.21562 0.950831
3.225 0.94258
3.23438 0.935028
3.24375 0.938138
3.25312 0.929168
3.2625 0.919521
3.27188 0.912082
3.28125 0.907628
3.29062 0.901355
3.3 0.892222
3.30937 0.883464
3.31875 0.877098
3.32812 0.864178
3.3375 0.856865
3.34687 0.847623
3.35625 0.840365
3.36563 0.834345
3.375 0.830804
3.38437 0.819653
3.39375 0.816301
3.40312 0.809079
3.4125 0.812679
3.42188 0.811367
3.43125 0.809059
3.44062 0.80285
3.45 0.803077
3.45938 0.807251
3.46875 0.808433
3.47812 0.807921
3.4875 0.815178
3.49687 0.813077
3.50625 0.82491
3.51562 0.831058
3.525 0.843328
3.53437 0.849022
3.54375 0.862505
3.55313 0.871167
3.5625 0.882582
3.57187 0.890238
3.58125 0.895207
3.59062 0.909603
3.6 0.928654
3.60938 0.944848
3.61875 0.953859
3.62812 0.971545
3.6375 0.979517
3.64687 0.996914
3.65625 1.01278
3.66562 1.02877
3.675 1.0371
3.68437 1.04784
3.69375 1.06592
3.70312 1.08315
3.7125 1.08693
3.72187 1.10126
3.73125 1.10808
3.74062 1.11869

0.009375 0
0.01875 0
0.028125 0
0.0375 0
0.046875 0
0.05625 0
0.065625 0
0.075 0
0.084375 0
0.09375 0
0.103125 0
0.1125 0
0.121875 0
0.13125 0
0.140625 0
0.15 0
0.159375 0
0.16875 0
0.178125 0
0.1875 0
0.196875 0
0.20625 0
0.215625 0
0.225 0
0.234375 0
0.24375 0
0.253125 0
0.2625 0
0.271875 0
0.28125 0
0.290625 0
0.3 0
0.309375 0
0.31875 0
0.328125 0
0.3375 0
0.346875 0
0.35625 0
0.365625 0
0.375 0
0.384375 0
0.39375 0
0.403125 0
0.4125 0
0.421875 0
0.43125 0
0.440625 0
0.45 0
0.459375 0
0.46875 0
0.478125 0
0.4875 0
0.496875 0
0.50625 0
0.515625 0
0.525 0
0.534375 0
0.54375 0
0.553125 0
0.5625 0
0.571875 0
0.58125 0
0.590625 0
0.6 0
0.609375 0
0.61875 0
0.628125 0
0.6375 0
0.646875 0
0.65625 0
0.665625 0
0.675 0
0.684375 0
0.69375 0
0.703125 0
0.7125 0
0.721875 0
0.73125 0
0.740625 0
0.75 0
0.759375 0
0.76875 0
0.778125 0
0.7875 0
0.796875 0
0.80625 0
0.815625 0
0.825 0
0.834375 0
0.84375 0
0.853125 0
0.8625 0
0.871875 0
0.88125 0
0.890625 0
0.9 0
0.909375 0
0.91875 0
0.928125 0
0.9375 0
0.946875 0.00024964
0.95625 0.00156056
0.965625 0.00636227
0.975 0.0253765
0.984375 0.0696096
0.99375 0.172047
1.00313 0.358558
1.0125 0.673728
1.02187 1.11061
1.03125 1.68407
1.04062 2.28537
1.05 2.88267
1.05937 3.49449
1.06875 3.99805
1.07812 4.37451
1.0875 4.6124
1.09688 4.72063
1.10625 4.6616
1.11562 4.54762
1.125 4.36631
1.13437 4.11814
1.14375 3.83858
1.15312 3.53044
1.1625 3.20787
1.17188 2.90569
1.18125 2.61751
1.19063 2.3635
1.2 2.12224
1.20937 1.90165
1.21875 1.701
1.22812 1.52241
1.2375 1.36804
1.24687 1.24533
1.25625 1.1395
1.26562 1.03162
1.275 0.948183
1.28438 0.859488
1.29375 0.790943
1.30312 0.725938
1.3125 0.674096
1.32187 0.632072
1.33125 0.590904
1.34062 0.554486
1.35 0.520387
1.35938 0.498483
1.36875 0.455961
1.37813 0.441466
1.3875 0.424694
1.39687 0.417679
1.40625 0.398181
1.41562 0.386092
1.425 0.398118
1.43437 0.392415
1.44375 0.379056
1.45312 0.390855
1.4625 0.392071
1.47188 0.403503
1.48125 0.405683
1.49062 0.411012
1.5 0.416152
1.50937 0.423809
1.51875 0.436116
1.52812 0.446636
1.5375 0.461252
1.54688 0.47235
1.55625 0.485503
1.56563 0.498481
1.575 0.510698
1.58437 0.510151
1.59375 0.522686
1.60312 0.525844
1.6125 0.541989
1.62187 0.538461
1.63125 0.550846
1.64062 0.558302
1.65 0.560373
1.65938 0.571117
1.66875 0.584674
1.67812 0.587357
1.6875 0.60218
1.69687 0.618663
1.70625 0.641843
1.71562 0.656701
1.725 0.671239
1.73438 0.69375
1.74375 0.714881
1.75313 0.74795
1.7625 0.787309
1.77187 0.812522
1.78125 0.85737
1.79062 0.894822
1.8 0.938245
1.80937 0.977968
1.81875 1.02605
1.82812 1.07045
1.8375 1.12986
1.84687 1.18124
1.85625 1.23995
1.86562 1.28903
1.875 1.32781
1.88437 1.35803
1.89375 1.40614
1.90312 1.4376
1.9125 1.46965
1.92188 1.48434
1.93125 1.50535
1.94062 1.52323
1.95 1.51874
1.95937 1.51921
1.96875 1.50368
1.97812 1.48729
1.9875 1.48472
1.99687 1.46479
2.00625 1.4492
2.01562 1.42689
2.025 1.40072
2.03437 1.38711
2.04375 1.38228
2.05313 1.37703
2.0625 1.37099
2.07187 1.36707
2.08125 1.36713
2.09062 1.35862
2.1 1.3699
2.10938 1.37476
2.11875 1.38129
2.12812 1.3775
2.1375 1.37902
2.14688 1.38215
2.15625 1.37989
2.16562 1.38175
2.175 1.36014
2.18437 1.35497
2.19375 1.33908
2.20312 1.30836
2.2125 1.28336
2.22187 1.24603
2.23125 1.217
2.24063 1.18853
2.25 1.1542
2.25937 1.113
2.26875 1.06949
2.27812 1.02576
2.2875 0.990154
2.29688 0.956565
2.30625 0.919397
2.31562 0.882272
2.325 0.85394
2.33438 0.826002
2.34375 0.790423
2.35312 0.769446
2.3625 0.746239
2.37187 0.722043
2.38125 0.706761
2.39062 0.684501
2.4 0.667598
2.40937 0.648289
2.41875 0.642533
2.42813 0.643324
2.4375 0.632515
2.44687 0.626319
2.45625 0.623436
2.46562 0.62489
2.475 0.619503
2.48438 0.624162
2.49375 0.630428
2.50312 0.637939
2.5125 0.650373
2.52188 0.655046
2.53125 0.663225
2.54062 0.672863
2.55 0.680039
2.55937 0.694372
2.56875 0.713599
2.57812 0.722863
2.5875 0.732227
2.59687 0.75025
2.60625 0.763975
2.61563 0.786942
2.625 0.804206
2.63437 0.817469
2.64375 0.837687
2.65312 0.854415
2.6625 0.872699
2.67188 0.892316
2.68125 0.909296
2.69062 0.936209
2.7 0.969158
2.70938 0.985934
2.71875 1.02003
2.72812 1.04423
2.7375 1.05976
2.74687 1.07556
2.75625 1.10411
2.76562 1.12763
2.775 1.14263
2.78437 1.16994
2.79375 1.18037
2.80313 1.19522
2.8125 1.21668
2.82187 1.23085
2.83125 1.24283
2.84062 1.25748
2.85 1.25984
2.85938 1.2587
2.86875 1.26661
2.87812 1.27265
2.8875 1.28141
2.89688 1.28954
2.90625 1.2781
2.91562 1.27801
2.925 1.27309
2.93437 1.2666
2.94375 1.26586
2.95312 1.26761
2.9625 1.26243
2.97187 1.25201
2.98125 1.24537
2.99063 1.22815
3 1.21828
3.00937 1.21111
3.01875 1.1972
3.02812 1.18306
3.0375 1.17151
3.04688 1.15433
3.05625 1.14062
3.06562 1.12736
3.075 1.09754
3.08438 1.08011
3.09375 1.06624
3.10312 1.05964
3.1125 1.04411
3.12187 1.03891
3.13125 1.0291
3.14062 1.01058
3.15 1.00216
3.15937 0.990956
3.16875 0.98053
3.17813 0.974539
3.1875 0.967324
3.19687 0.964465
3.20625 0.953579
3.21562 0.953621
3.225 0.940285
3.23438 0.932141
3.24375 0.928994
3.25312 0.919733
3.2625 0.911432
3.27188 0.903897
3.28125 0.89766
3.29062 0.893133
3.3 0.889273
3.30937 0.880526
3.31875 0.878126
3.32812 0.870445
3.3375 0.866366
3.34687 0.851965
3.35625 0.854205
3.36563 0.841529
3.375 0.834272
3.38437 0.828765
3.39375 0.825268
3.40312 0.820867
3.4125 0.819747
3.42188 0.812794
3.43125 0.815188
3.44062 0.80773
3.45 0.80201
3.45938 0.805605
3.46875 0.80378
3.47812 0.812473
3.4875 0.825857
3.49687 0.83365
3.50625 0.836899
3.51562 0.837506
3.525 0.839488
3.53437 0.845557
3.54375 0.8588
3.55313 0.86979
3.5625 0.881363
3.57187 0.892232
3.58125 0.89925
3.59062 0.91253
3.6 0.932468
3.60938 0.941023
3.61875 0.95687
3.62812 0.964773
3.6375 0.980492
3.64687 0.989054
3.65625 1.00162
3.66562 1.01855
3.675 1.03014
3.68437 1.04309
3.69375 1.05618
3.70312 1.0748
3.7125 1.09017
3.72187 1.09633
3.73125 1.10887
3.74062 1.12274

0.009375 0
0.01875 0
0.028125 0
0.0375 0
0.046875 0
0.05625 0
0.065625 0
0.075 0
0.084375 0
0.09375 0
0.103125 0
0.1125 0
0.121875 0
0.13125 0
0.140625 0
0.15 0
0.159375 0
0.16875 0
0.178125 0
0.1875 0
0.196875 0
0.20625 0
0.215625 0
0.225 0
0.234375 0
0.24375 0
0.253125 0
0.2625 0
0.271875 0
0.28125 0
0.290625 0
0.3 0
0.309375 0
0.31875 0
0.328125 0
0.3375 0
0.346875 0
0.35625 0
0.365625 0
0.375 0
0.384375 0
0.39375 0
0.403125 0
0.4125 0
0.421875 0
0.43125 0
0.440625 0
0.45 0
0.459375 0
0.46875 0
0.478125 0
0.4875 0
0.496875 0
0.50625 0
0.515625 0
0.525 0
0.534375 0
0.54375 0
0.553125 0
0.5625 0
0.571875 0
0.58125 0
0.590625 0
0.6 0
0.609375 0
0.61875 0
0.628125 0
0.6375 0
0.646875 0
0.65625 0
0.665625 0
0.675 0
0.684375 0
0.69375 0
0.703125 0
0.7125 0
0.721875 0
0.73125 0
0.740625 0
0.75 0
0.759375 0
0.76875 0
0.778125 0
0.7875 0
0.796875 0
0.80625 0
0.815625 0
0.825 0
0.834375 0
0.84375 0
0.853125 0
0.8625 0
0.871875 0
0.88125 0
0.890625 0
0.9 0
0.909375 0
0.91875 0
0.928125 0
0.9375 0
0.946875 0
0.95625 0.00110157
0.965625 0.00726259
0.975 0.0249055
0.984375 0.071978
0.99375 0.178934
1.00313 0.379255
1.0125 0.7083
1.02187 1.14316
1.03125 1.69203
1.04062 2.3292
1.05 2.93903
1.05937 3.4999
1.06875 4.03768
1.07812 4.41729
1.0875 4.67506
1.09688 4.74138
1.10625 4.68548
1.11562 4.56128
1.125 4.40847
1.13437 4.13918
1.14375 3.8266
1.15312 3.53604
1.1625 3.20509
1.17188 2.87026
1.18125 2.58892
1.19063 2.32
1.2 2.1081
1.20937 1.89776
1.21875 1.68554
1.22812 1.53505
1.2375 1.37476
1.24687 1.22971
1.25625 1.11798
1.26562 1.00742
1.275 0.912898
1.28438 0.843011
1.29375 0.772609
1.30312 0.716687
1.3125 0.660091
1.32187 0.609706
1.33125 0.559826
1.34062 0.524855
1.35 0.497723
1.35938 0.474186
1.36875 0.455137
1.37813 0.437771
1.3875 0.423192
1.39687 0.404806
1.40625 0.403347
1.41562 0.395029
1.425 0.384916
1.43437 0.381473
1.44375 0.388618
1.45312 0.387438
1.4625 0.385495
1.47188 0.388042
1.48125 0.396226
1.49062 0.405098
1.5 0.424614
1.50937 0.434089
1.51875 0.445405
1.52812 0.462426
1.5375 0.475532
1.54688 0.489709
1.55625 0.501495
1.56563 0.51144
1.575 0.531476
1.58437 0.534041
1.59375 0.535094
1.60312 0.548929
1.6125 0.554348
1.62187 0.56296
1.63125 0.573683
1.64062 0.58068
1.65 0.587194
1.65938 0.582311
1.66875 0.595924
1.67812 0.609617
1.6875 0.612758
1.69687 0.628236
1.70625 0.633127
1.71562 0.650085
1.725 0.676471
1.73438 0.696169
1.74375 0.720981
1.75313 0.739153
1.7625 0.771223
1.77187 0.79186
1.78125 0.831192
1.79062 0.889887
1.8 0.928224
1.80937 0.971657
1.81875 1.01766
1.82812 1.06522
1.8375 1.10925
1.84687 1.16484
1.85625 1.21931
1.86562 1.27272
1.875 1.32348
1.88437 1.3703
1.89375 1.39739
1.90312 1.44825
1.9125 1.47809
1.92188 1.51164
1.93125 1.52276
1.94062 1.5383
1.95 1.54181
1.95937 1.54946
1.96875 1.53138
1.97812 1.51881
1.9875 1.49857
1.99687 1.48377
2.00625 1.47091
2.01562 1.43707
2.025 1.42257
2.03437 1.41379
2.04375 1.39351
2.05313 1.37748
2.0625 1.36195
2.07187 1.35808
2.08125 1.35922
2.09062 1.36324
2.1 1.3499
2.10938 1.35317
2.11875 1.35952
2.12812 1.36742
2.1375 1.36923
2.14688 1.37371
2.15625 1.3684
2.16562 1.37719
2.175 1.35965
2.18437 1.34647
2.19375 1.32594
2.20312 1.31254
2.2125 1.28583
2.22187 1.24699
2.23125 1.20947
2.24063 1.17277
2.25 1.13523
2.25937 1.10157
2.26875 1.0644
2.27812 1.02531
2.2875 0.983416
2.29688 0.947251
2.30625 0.910106
2.31562 0.872243
2.325 0.844121
2.33438 0.808784
2.34375 0.77909
2.35312 0.753613
2.3625 0.733855
2.37187 0.717791
2.38125 0.705446
2.39062 0.687638
2.4 0.663967
2.40937 0.657768
2.41875 0.642052
2.42813 0.638483
2.4375 0.639673
2.44687 0.635872
2.45625 0.636621
2.46562 0.636062
2.475 0.631666
2.48438 0.635409
2.49375 0.641174
2.50312 0.647023
2.5125 0.653463
2.52188 0.661517
2.53125 0.667658
2.54062 0.676793
2.55 0.688052
2.55937 0.70516
2.56875 0.717443
2.57812 0.736133
2.5875 0.744631
2.59687 0.7611
2.60625 0.778275
2.61563 0.788066
2.625 0.81284
2.63437 0.837474
2.64375 0.850847
2.65312 0.871823
2.6625 0.889445
2.67188 0.906152
2.68125 0.930794
2.69062 0.961607
2.7 0.98253
2.70938 1.00213
2.71875 1.0208
2.72812 1.03738
2.7375 1.0636
2.74687 1.08908
2.75625 1.09966
2.76562 1.12669
2.775 1.15081
2.78437 1.1647
2.79375 1.1738
2.80313 1.18864
2.8125 1.19959
2.82187 1.2142
2.83125 1.21565
2.84062 1.23525
2.85 1.24123
2.85938 1.25016
2.86875 1.26252
2.87812 1.26928
2.8875 1.27439
2.89688 1.27918
2.90625 1.27129
2.91562 1.27317
2.925 1.26823
2.93437 1.26651
2.94375 1.26295
2.95312 1.25788
2.9625 1.24887
2.97187 1.24807
2.98125 1.24487
2.99063 1.23206
3 1.21977
3.00937 1.2098
3.01875 1.19449
3.02812 1.18099
3.0375 1.16871
3.04688 1.15785
3.05625 1.13632
3.06562 1.12962
3.075 1.11681
3.08438 1.106
3.09375 1.09128
3.10312 1.07736
3.1125 1.06419
3.12187 1.04665
3.13125 1.03089
3.14062 1.012
3.15 1.00065
3.15937 0.986524
3.16875 0.978763
3.17813 0.965901
3.1875 0.958187
3.19687 0.950988
3.20625 0.946752
3.21562 0.938918
3.225 0.93289
3.23438 0.929429
3.24375 0.922629
3.25312 0.921203
3.2625 0.909396
3.27188 0.90606
3.28125 0.898817
3.29062 0.891829
3.3 0.884155
3.30937 0.875996
3.31875 0.864762
3.32812 0.861303
3.3375 0.854189
3.34687 0.847749
3.35625 0.834529
3.36563 0.83146
3.375 0.827279
3.38437 0.822829
3.39375 0.822158
3.40312 0.821368
3.4125 0.815755
3.42188 0.816661
3.43125 0.820164
3.44062 0.820243
3.45 0.817535
3.45938 0.823908
3.46875 0.826352
3.47812 0.826456
3.4875 0.825864
3.49687 0.83029
3.50625 0.839223
3.51562 0.846255
3.525 0.849136
3.53437 0.860058
3.54375 0.870436
3.55313 0.87614
3.5625 0.88865
3.57187 0.902819
3.58125 0.91477
3.59062 0.92523
3.6 0.933399
3.60938 0.948837
3.61875 0.961284
3.62812 0.97493
3.6375 0.988789
3.64687 1.00183
3.65625 1.01349
3.66562 1.02243
3.675 1.03339
3.68437 1.04562
3.69375 1.06131
3.70312 1.0789
3.7125 1.08911
3.72187 1.10024
3.73125 1.10738
3.74062 1.12002

