0.009375 0
0.01875 0
0.028125 0
0.0375 0
0.046875 0
0.05625 0
0.065625 0
0.075 0
0.084375 0
0.09375 0
0.103125 0
0.1125 0
0.121875 0
0.13125 0
0.140625 0
0.15 0
0.159375 0
0.16875 0
0.178125 0
0.1875 0
0.196875 0
0.20625 0
0.215625 0
0.225 0
0.234375 0
0.24375 0
0.253125 0
0.2625 0
0.271875 0
0.28125 0
0.290625 0
0.3 0
0.309375 0
0.31875 0
0.328125 0
0.3375 0
0.346875 0
0.35625 0
0.365625 0
0.375 0
0.384375 0
0.39375 0
0.403125 0
0.4125 0
0.421875 0
0.43125 0
0.440625 0
0.45 0
0.459375 0
0.46875 0
0.478125 0
0.4875 0
0.496875 0
0.50625 0
0.515625 0
0.525 0
0.534375 0
0.54375 0
0.553125 0
0.5625 0
0.571875 0
0.58125 0
0.590625 0
0.6 0
0.609375 0
0.61875 0
0.628125 0
0.6375 0
0.646875 0
0.65625 0
0.665625 0
0.675 0
0.684375 0
0.69375 0
0.703125 0
0.7125 0
0.721875 0
0.73125 0
0.740625 0
0.75 0
0.759375 0
0.76875 0
0.778125 0
0.7875 0
0.796875 0
0.80625 0
0.815625 0
0.825 0
0.834375 0
0.84375 0
0.853125 0
0.8625 0
0.871875 0
0.88125 0
0.890625 0
0.9 0
0.909375 0
0.91875 0
0.928125 0
0.9375 0
0.946875 0
0.95625 0
0.965625 0
0.975 0.00100093
0.984375 0.00586338
0.99375 0.0237237
1.00313 0.0683511
1.0125 0.170787
1.02187 0.376789
1.03125 0.697189
1.04062 1.16739
1.05 1.74457
1.05937 2.37361
1.06875 3.01403
1.07812 3.56559
1.0875 4.05086
1.09688 4.34441
1.10625 4.49314
1.11562 4.53524
1.125 4.43355
1.13437 4.21032
1.14375 4.0195
1.15312 3.70532
1.1625 3.40627
1.17188 3.13997
1.18125 2.861
1.19063 2.58167
1.2 2.35418
1.20937 2.1337
1.21875 1.90844
1.22812 1.74973
1.2375 1.57844
1.24687 1.41438
1.25625 1.2937
1.26562 1.18045
1.275 1.07643
1.28438 1.00883
1.29375 0.924818
1.30312 0.845295
1.3125 0.786402
1.32187 0.748175
1.33125 0.707346
1.34062 0.666361
1.35 0.627439
1.35938 0.591161
1.36875 0.56038
1.37813 0.53837
1.3875 0.511012
1.39687 0.495525
1.40625 0.478487
1.41562 0.470734
1.425 0.470028
1.43437 0.456078
1.44375 0.444389
1.45312 0.439263
1.4625 0.42868
1.47188 0.425677
1.48125 0.418403
1.49062 0.420098
1.5 0.423154
1.50937 0.418854
1.51875 0.423381
1.52812 0.413901
1.5375 0.423307
1.54688 0.420061
1.55625 0.410218
1.56563 0.422075
1.575 0.423806
1.58437 0.426205
1.59375 0.431671
1.60312 0.437331
1.6125 0.440043
1.62187 0.456142
1.63125 0.46838
1.64062 0.477911
1.65 0.495823
1.65938 0.509772
1.66875 0.514701
1.67812 0.52776
1.6875 0.553978
1.69687 0.565954
1.70625 0.593185
1.71562 0.608764
1.725 0.632744
1.73438 0.668496
1.74375 0.706193
1.75313 0.736785
1.7625 0.761415
1.77187 0.795378
1.78125 0.831724
1.79062 0.861764
1.8 0.901677
1.80937 0.947084
1.81875 0.976011
1.82812 1.03417
1.8375 1.08237
1.84687 1.12187
1.85625 1.16113
1.86562 1.19772
1.875 1.23041
1.88437 1.27352
1.89375 1.29405
1.90312 1.31669
1.9125 1.32695
1.92188 1.34087
1.93125 1.34875
1.94062 1.36687
1.95 1.38542
1.95937 1.38704
1.96875 1.38391
1.97812 1.37202
1.9875 1.36529
1.99687 1.3542
2.00625 1.33732
2.01562 1.32705
2.025 1.3088
2.03437 1.294
2.04375 1.27598
2.05313 1.2719
2.0625 1.26548
2.07187 1.25709
2.08125 1.26621
2.09062 1.26223
2.1 1.27319
2.10938 1.27013
2.11875 1.27494
2.12812 1.27852
2.1375 1.2882
2.14688 1.30723
2.15625 1.31243
2.16562 1.32665
2.175 1.33113
2.18437 1.3186
2.19375 1.30631
2.20312 1.30621
2.2125 1.3044
2.22187 1.28233
2.23125 1.26614
2.24063 1.24203
2.25 1.20683
2.25937 1.18475
2.26875 1.14987
2.27812 1.12482
2.2875 1.09691
2.29688 1.05743
2.30625 1.02627
2.31562 0.999685
2.325 0.974329
2.33438 0.946776
2.34375 0.920604
2.35312 0.892962
2.3625 0.875022
2.37187 0.848901
2.38125 0.830718
2.39062 0.815645
2.4 0.793495
2.40937 0.776895
2.41875 0.74674
2.42813 0.733524
2.4375 0.724881
2.44687 0.712653
2.45625 0.68754
2.46562 0.686281
2.475 0.678965
2.48438 0.673901
2.49375 0.668464
2.50312 0.666486
2.5125 0.66685
2.52188 0.67368
2.53125 0.685101
2.54062 0.68535
2.55 0.689308
2.55937 0.694144
2.56875 0.703013
2.57812 0.702333
2.5875 0.713329
2.59687 0.717273
2.60625 0.736528
2.61563 0.750473
2.625 0.76045
2.63437 0.771479
2.64375 0.790882
2.65312 0.814604
2.6625 0.8201
2.67188 0.825243
2.68125 0.858431
2.69062 0.875631
2.7 0.896114
2.70938 0.906406
2.71875 0.934404
2.72812 0.941992
2.7375 0.975388
2.74687 0.994272
2.75625 1.01801
2.76562 1.03459
2.775 1.04846
2.78437 1.06907
2.79375 1.07832
2.80313 1.09295
2.8125 1.11625
2.82187 1.13428
2.83125 1.14989
2.84062 1.16782
2.85 1.17456
2.85938 1.18758
2.86875 1.19317
2.87812 1.20662
2.8875 1.21083
2.89688 1.22305
2.90625 1.23285
2.91562 1.23292
2.925 1.2287
2.93437 1.23324
2.94375 1.23161
2.95312 1.22906
2.9625 1.22494
2.97187 1.22405
2.98125 1.21812
2.99063 1.2168
3 1.19985
3.00937 1.1945
3.01875 1.1836
3.02812 1.16905
3.0375 1.1595
3.04688 1.14781
3.05625 1.14159
3.06562 1.12589
3.075 1.10927
3.08438 1.09423
3.09375 1.08839
3.10312 1.07929
3.1125 1.0656
3.12187 1.05244
3.13125 1.04741
3.14062 1.03582
3.15 1.0289
3.15937 1.02155
3.16875 1.01291
3.17813 1.00568
3.1875 1.00239
3.19687 1.00065
3.20625 0.995008
3.21562 0.994168
3.225 0.98639
3.23438 0.978391
3.24375 0.972776
3.25312 0.967603
3.2625 0.963072
3.27188 0.960035
3.28125 0.960387
3.29062 0.949136
3.3 0.950185
3.30937 0.944122
3.31875 0.935268
3.32812 0.930286
3.3375 0.923984
3.34687 0.912184
3.35625 0.910741
3.36563 0.912316
3.375 0.907306
3.38437 0.899489
3.39375 0.890533
3.40312 0.884915
3.4125 0.884419
3.42188 0.883299
3.43125 0.88057
3.44062 0.873378
3.45 0.874814
3.45938 0.875021
3.46875 0.875105
3.47812 0.869279
3.4875 0.865807
3.49687 0.863546
3.50625 0.869253
3.51562 0.863275
3.525 0.866563
3.53437 0.873328
3.54375 0.871854
3.55313 0.875232
3.5625 0.882904
3.57187 0.895292
3.58125 0.896363
3.59062 0.907607
3.6 0.916962
3.60938 0.926129
3.61875 0.931238
3.62812 0.94305
3.6375 0.941371
3.64687 0.955013
3.65625 0.963522
3.66562 0.96873
3.675 0.978189
3.68437 0.991957
3.69375 0.993464
3.70312 1.00183
3.7125 1.01184
3.72187 1.01993
3.73125 1.04126
3.74062 1.04798

0.009375 0
0.01875 0
0.028125 0
0.0375 0
0.046875 0
0.05625 0
0.065625 0
0.075 0
0.084375 0
0.09375 0
0.103125 0
0.1125 0
0.121875 0
0.13125 0
0.140625 0
0.15 0
0.159375 0
0.16875 0
0.178125 0
0.1875 0
0.196875 0
0.20625 0
0.215625 0
0.225 0
0.234375 0
0.24375 0
0.253125 0
0.2625 0
0.271875 0
0.28125 0
0.290625 0
0.3 0
0.309375 0
0.31875 0
0.328125 0
0.3375 0
0.346875 0
0.35625 0
0.365625 0
0.375 0
0.384375 0
0.39375 0
0.403125 0
0.4125 0
0.421875 0
0.43125 0
0.440625 0
0.45 0
0.459375 0
0.46875 0
0.478125 0
0.4875 0
0.496875 0
0.50625 0
0.515625 0
0.525 0
0.534375 0
0.54375 0
0.553125 0
0.5625 0
0.571875 0
0.58125 0
0.590625 0
0.6 0
0.609375 0
0.61875 0
0.628125 0
0.6375 0
0.646875 0
0.65625 0
0.665625 0
0.675 0
0.684375 0
0.69375 0
0.703125 0
0.7125 0
0.721875 0
0.73125 0
0.740625 0
0.75 0
0.759375 0
0.76875 0
0.778125 0
0.7875 0
0.796875 0
0.80625 0
0.815625 0
0.825 0
0.834375 0
0.84375 0
0.853125 0
0.8625 0
0.871875 0
0.88125 0
0.890625 0
0.9 0
0.909375 0
0.91875 0
0.928125 0
0.9375 0
0.946875 0.00012482
0.95625 0.000305991
0.965625 0.00123044
0.975 0.00544623
0.984375 0.0249555
0.99375 0.0810349
1.00313 0.187666
1.0125 0.381063
1.02187 0.692607
1.03125 1.12
1.04062 1.66494
1.05 2.25778
1.05937 2.85837
1.06875 3.40414
1.07812 3.85396
1.0875 4.21845
1.09688 4.42965
1.10625 4.51169
1.11562 4.51182
1.125 4.36002
1.13437 4.1394
1.14375 3.90135
1.15312 3.60269
1.1625 3.29098
1.17188 3.00666
1.18125 2.74528
1.19063 2.48728
1.2 2.26606
1.20937 2.02878
1.21875 1.82238
1.22812 1.66486
1.2375 1.51977
1.24687 1.39409
1.25625 1.25764
1.26562 1.16357
1.275 1.06951
1.28438 0.96697
1.29375 0.896846
1.30312 0.851325
1.3125 0.785523
1.32187 0.732938
1.33125 0.689219
1.34062 0.639321
1.35 0.603467
1.35938 0.582459
1.36875 0.555931
1.37813 0.524584
1.3875 0.500195
1.39687 0.479774
1.40625 0.46682
1.41562 0.453562
1.425 0.439035
1.43437 0.436021
1.44375 0.421601
1.45312 0.415943
1.4625 0.407442
1.47188 0.402466
1.48125 0.405273
1.49062 0.394508
1.5 0.40084
1.50937 0.395139
1.51875 0.392714
1.52812 0.392771
1.5375 0.397099
1.54688 0.398828
1.55625 0.408119
1.56563 0.4163
1.575 0.414963
1.58437 0.421495
1.59375 0.436371
1.60312 0.441626
1.6125 0.453375
1.62187 0.470805
1.63125 0.470777
1.64062 0.484727
1.65 0.496318
1.65938 0.507231
1.66875 0.52589
1.67812 0.534136
1.6875 0.556987
1.69687 0.575147
1.70625 0.601313
1.71562 0.640767
1.725 0.661861
1.73438 0.696618
1.74375 0.722848
1.75313 0.756317
1.7625 0.794602
1.77187 0.830445
1.78125 0.880597
1.79062 0.925242
1.8 0.968323
1.80937 0.999734
1.81875 1.0498
1.82812 1.09191
1.8375 1.14009
1.84687 1.18823
1.85625 1.21821
1.86562 1.25356
1.875 1.29024
1.88437 1.32077
1.89375 1.34878
1.90312 1.37053
1.9125 1.39157
1.92188 1.40105
1.93125 1.39532
1.94062 1.4176
1.95 1.42085
1.95937 1.41613
1.96875 1.40936
1.97812 1.4065
1.9875 1.39707
1.99687 1.36933
2.00625 1.35136
2.01562 1.33394
2.025 1.32923
2.03437 1.3126
2.04375 1.29771
2.05313 1.27868
2.0625 1.27974
2.07187 1.27303
2.08125 1.2726
2.09062 1.2702
2.1 1.27627
2.10938 1.27544
2.11875 1.29077
2.12812 1.29917
2.1375 1.31658
2.14688 1.319
2.15625 1.32189
2.16562 1.31814
2.175 1.31856
2.18437 1.32158
2.19375 1.32108
2.20312 1.31792
2.2125 1.30443
2.22187 1.285
2.23125 1.26986
2.24063 1.23491
2.25 1.20577
2.25937 1.18009
2.26875 1.14155
2.27812 1.10583
2.2875 1.08503
2.29688 1.04067
2.30625 1.00437
2.31562 0.969203
2.325 0.93252
2.33438 0.914204
2.34375 0.885843
2.35312 0.863234
2.3625 0.837592
2.37187 0.812032
2.38125 0.786509
2.39062 0.777932
2.4 0.753857
2.40937 0.731392
2.41875 0.718326
2.42813 0.700025
2.4375 0.693694
2.44687 0.680971
2.45625 0.675256
2.46562 0.658394
2.475 0.653126
2.48438 0.652721
2.49375 0.651834
2.50312 0.650806
2.5125 0.655849
2.52188 0.657024
2.53125 0.662579
2.54062 0.669605
2.55 0.673068
2.55937 0.680645
2.56875 0.684074
2.57812 0.698097
2.5875 0.704452
2.59687 0.711324
2.60625 0.735567
2.61563 0.751296
2.625 0.763584
2.63437 0.781273
2.64375 0.796662
2.65312 0.812688
2.6625 0.824747
2.67188 0.849854
2.68125 0.869809
2.69062 0.898155
2.7 0.912901
2.70938 0.937982
2.71875 0.968385
2.72812 0.986617
2.7375 0.996382
2.74687 1.02227
2.75625 1.05053
2.76562 1.06833
2.775 1.08259
2.78437 1.10015
2.79375 1.12347
2.80313 1.14414
2.8125 1.1511
2.82187 1.16942
2.83125 1.17829
2.84062 1.20108
2.85 1.20618
2.85938 1.22311
2.86875 1.23036
2.87812 1.24294
2.8875 1.24702
2.89688 1.2517
2.90625 1.25001
2.91562 1.24961
2.925 1.25376
2.93437 1.26015
2.94375 1.25841
2.95312 1.24613
2.9625 1.23863
2.97187 1.23252
2.98125 1.22294
2.99063 1.21845
3 1.20326
3.00937 1.18921
3.01875 1.17109
3.02812 1.1668
3.0375 1.15216
3.04688 1.1427
3.05625 1.12487
3.06562 1.10901
3.075 1.09781
3.08438 1.08076
3.09375 1.07477
3.10312 1.05908
3.1125 1.04662
3.12187 1.03179
3.13125 1.01994
3.14062 1.01903
3.15 1.01397
3.15937 1.00408
3.16875 0.999427
3.17813 0.992178
3.1875 0.989068
3.19687 0.987485
3.20625 0.983807
3.21562 0.979006
3.225 0.979279
3.23438 0.974179
3.24375 0.973924
3.25312 0.963266
3.2625 0.961653
3.27188 0.955016
3.28125 0.950555
3.29062 0.941374
3.3 0.940589
3.30937 0.930322
3.31875 0.925132
3.32812 0.917335
3.3375 0.914209
3.34687 0.907032
3.35625 0.899975
3.36563 0.892836
3.375 0.88836
3.38437 0.88122
3.39375 0.873434
3.40312 0.870523
3.4125 0.864447
3.42188 0.863896
3.43125 0.859123
3.44062 0.85782
3.45 0.855169
3.45938 0.84724
3.46875 0.844174
3.47812 0.850127
3.4875 0.847626
3.49687 0.851701
3.50625 0.859328
3.51562 0.856296
3.525 0.855348
3.53437 0.86147
3.54375 0.865737
3.55313 0.865964
3.5625 0.875301
3.57187 0.882825
3.58125 0.892478
3.59062 0.903013
3.6 0.913504
3.60938 0.920624
3.61875 0.931484
3.62812 0.941213
3.6375 0.951631
3.64687 0.960038
3.65625 0.965508
3.66562 0.974165
3.675 0.994992
3.68437 1.00178
3.69375 1.01362
3.70312 1.01926
3.7125 1.03508
3.72187 1.04685
3.73125 1.05363
3.74062 1.06088

0.009375 0
0.01875 0
0.028125 0
0.0375 0
0.046875 0
0.05625 0
0.065625 0
0.075 0
0.084375 0
0.09375 0
0.103125 0
0.1125 0
0.121875 0
0.13125 0
0.140625 0
0.15 0
0.159375 0
0.16875 0
0.178125 0
0.1875 0
0.196875 0
0.20625 0
0.215625 0
0.225 0
0.234375 0
0.24375 0
0.253125 0
0.2625 0
0.271875 0
0.28125 0
0.290625 0
0.3 0
0.309375 0
0.31875 0
0.328125 0
0.3375 0
0.346875 0
0.35625 0
0.365625 0
0.375 0
0.384375 0
0.39375 0
0.403125 0
0.4125 0
0.421875 0
0.43125 0
0.440625 0
0.45 0
0.459375 0
0.46875 0
0.478125 0
0.4875 0
0.496875 0
0.50625 0
0.515625 0
0.525 0
0.534375 0
0.54375 0
0.553125 0
0.5625 0
0.571875 0
0.58125 0
0.590625 0
0.6 0
0.609375 0
0.61875 0
0.628125 0
0.6375 0
0.646875 0
0.65625 0
0.665625 0
0.675 0
0.684375 0
0.69375 0
0.703125 0
0.7125 0
0.721875 0
0.73125 0
0.740625 0
0.75 0
0.759375 0
0.76875 0
0.778125 0
0.7875 0
0.796875 0
0.80625 0
0.815625 0
0.825 0
0.834375 0
0.84375 0
0.853125 0
0.8625 0
0.871875 0
0.88125 0
0.890625 0
0.9 0
0.909375 0
0.91875 0
0.928125 0
0.9375 0
0.946875 0.00018723
0.95625 0.00128516
0.965625 0.00642229
0.975 0.0184877
0.984375 0.0541857
0.99375 0.137836
1.00313 0.295798
1.0125 0.576072
1.02187 0.973918
1.03125 1.48858
1.04062 2.05445
1.05 2.69114
1.05937 3.30515
1.06875 3.80213
1.07812 4.20127
1.0875 4.46441
1.09688 4.57547
1.10625 4.5619
1.11562 4.43143
1.125 4.25218
1.13437 4.01969
1.14375 3.7839
1.15312 3.48335
1.1625 3.20038
1.17188 2.92571
1.18125 2.68236
1.19063 2.38686
1.2 2.13302
1.20937 1.92488
1.21875 1.75399
1.22812 1.59072
1.2375 1.43601
1.24687 1.31517
1.25625 1.18304
1.26562 1.07531
1.275 0.990387
1.28438 0.911826
1.29375 0.844289
1.30312 0.788367
1.3125 0.746079
1.32187 0.698449
1.33125 0.63984
1.34062 0.611673
1.35 0.575522
1.35938 0.551056
1.36875 0.531575
1.37813 0.505699
1.3875 0.490689
1.39687 0.479041
1.40625 0.454883
1.41562 0.43251
1.425 0.425004
1.43437 0.429718
1.44375 0.421897
1.45312 0.421647
1.4625 0.415764
1.47188 0.407546
1.48125 0.401498
1.49062 0.408371
1.5 0.402187
1.50937 0.410411
1.51875 0.405667
1.52812 0.415572
1.5375 0.417129
1.54688 0.418711
1.55625 0.423948
1.56563 0.438724
1.575 0.445852
1.58437 0.454739
1.59375 0.462691
1.60312 0.464722
1.6125 0.470261
1.62187 0.482157
1.63125 0.503516
1.64062 0.512647
1.65 0.526256
1.65938 0.533945
1.66875 0.548108
1.67812 0.565037
1.6875 0.5866
1.69687 0.60622
1.70625 0.634913
1.71562 0.651364
1.725 0.684206
1.73438 0.720498
1.74375 0.753451
1.75313 0.788881
1.7625 0.815276
1.77187 0.863605
1.78125 0.899679
1.79062 0.932965
1.8 0.976174
1.80937 1.02253
1.81875 1.07343
1.82812 1.10464
1.8375 1.16058
1.84687 1.20386
1.85625 1.23484
1.86562 1.26875
1.875 1.31313
1.88437 1.33479
1.89375 1.35721
1.90312 1.39461
1.9125 1.41998
1.92188 1.42008
1.93125 1.43307
1.94062 1.44281
1.95 1.45397
1.95937 1.44866
1.96875 1.43763
1.97812 1.41806
1.9875 1.40198
1.99687 1.39407
2.00625 1.39179
2.01562 1.3757
2.025 1.35781
2.03437 1.35108
2.04375 1.34045
2.05313 1.33007
2.0625 1.31806
2.07187 1.32304
2.08125 1.31966
2.09062 1.32507
2.1 1.33896
2.10938 1.32775
2.11875 1.33619
2.12812 1.33119
2.1375 1.3441
2.14688 1.34088
2.15625 1.34073
2.16562 1.34739
2.175 1.33615
2.18437 1.33465
2.19375 1.32484
2.20312 1.3061
2.2125 1.28168
2.22187 1.25673
2.23125 1.23293
2.24063 1.19775
2.25 1.16539
2.25937 1.13537
2.26875 1.10105
2.27812 1.06586
2.2875 1.03357
2.29688 0.998506
2.30625 0.959173
2.31562 0.93054
2.325 0.901455
2.33438 0.874361
2.34375 0.844386
2.35312 0.816917
2.3625 0.799809
2.37187 0.774977
2.38125 0.752683
2.39062 0.740573
2.4 0.726713
2.40937 0.704517
2.41875 0.696012
2.42813 0.684992
2.4375 0.678989
2.44687 0.667934
2.45625 0.662585
2.46562 0.656995
2.475 0.65859
2.48438 0.65434
2.49375 0.652304
2.50312 0.657249
2.5125 0.655122
2.52188 0.657648
2.53125 0.666872
2.54062 0.668886
2.55 0.679307
2.55937 0.687023
2.56875 0.698141
2.57812 0.704984
2.5875 0.726945
2.59687 0.736987
2.60625 0.754094
2.61563 0.7703
2.625 0.780606
2.63437 0.796255
2.64375 0.815326
2.65312 0.835964
2.6625 0.85062
2.67188 0.882929
2.68125 0.89623
2.69062 0.917967
2.7 0.943546
2.70938 0.96427
2.71875 0.983311
2.72812 1.00584
2.7375 1.02913
2.74687 1.04541
2.75625 1.07104
2.76562 1.09456
2.775 1.10512
2.78437 1.12638
2.79375 1.14112
2.80313 1.16177
2.8125 1.17758
2.82187 1.19532
2.83125 1.20966
2.84062 1.21882
2.85 1.23072
2.85938 1.23374
2.86875 1.24243
2.87812 1.24648
2.8875 1.24888
2.89688 1.25862
2.90625 1.25278
2.91562 1.25824
2.925 1.24985
2.93437 1.25445
2.94375 1.24997
2.95312 1.24595
2.9625 1.23174
2.97187 1.21943
2.98125 1.21374
2.99063 1.20576
3 1.19407
3.00937 1.18477
3.01875 1.17943
3.02812 1.17496
3.0375 1.16237
3.04688 1.1455
3.05625 1.13444
3.06562 1.12066
3.075 1.10419
3.08438 1.08631
3.09375 1.07986
3.10312 1.06804
3.1125 1.06022
3.12187 1.04176
3.13125 1.03551
3.14062 1.02404
3.15 1.01939
3.15937 1.00957
3.16875 0.998964
3.17813 0.996831
3.1875 0.989038
3.19687 0.983444
3.20625 0.97227
3.21562 0.968595
3.225 0.965342
3.23438 0.958152
3.24375 0.951582
3.25312 0.938853
3.2625 0.928756
3.27188 0.926262
3.28125 0.921074
3.29062 0.908984
3.3 0.909635
3.30937 0.91129
3.31875 0.905046
3.32812 0.893973
3.3375 0.890184
3.34687 0.877212
3.35625 0.868543
3.36563 0.865526
3.375 0.864726
3.38437 0.856463
3.39375 0.859418
3.40312 0.851015
3.4125 0.845365
3.42188 0.844163
3.43125 0.835848
3.44062 0.836863
3.45 0.836139
3.45938 0.835295
3.46875 0.835038
3.47812 0.84453
3.4875 0.842663
3.49687 0.842923
3.50625 0.849538
3.51562 0.84861
3.525 0.854611
3.53437 0.863751
3.54375 0.872924
3.55313 0.876636
3.5625 0.887287
3.57187 0.898002
3.58125 0.90408
3.59062 0.911758
3.6 0.923775
3.60938 0.930237
3.61875 0.942894
3.62812 0.956737
3.6375 0.970671
3.64687 0.97543
3.65625 0.988692
3.66562 0.997971
3.675 1.01133
3.68437 1.02232
3.69375 1.0348
3.70312 1.04319
3.7125 1.05521
3.72187 1.05843
3.73125 1.06834
3.74062 1.07431

0.009375 0
0.01875 0
0.028125 0
0.0375 0
0.046875 0
0.05625 0
0.065625 0
0.075 0
0.084375 0
0.09375 0
0.103125 0
0.1125 0
0.121875 0
0.13125 0
0.140625 0
0.15 0
0.159375 0
0.16875 0
0.178125 0
0.1875 0
0.196875 0
0.20625 0
0.215625 0
0.225 0
0.234375 0
0.24375 0
0.253125 0
0.2625 0
0.271875 0
0.28125 0
0.290625 0
0.3 0
0.309375 0
0.31875 0
0.328125 0
0.3375 0
0.346875 0
0.35625 0
0.365625 0
0.375 0
0.384375 0
0.39375 0
0.403125 0
0.4125 0
0.421875 0
0.43125 0
0.440625 0
0.45 0
0.459375 0
0.46875 0
0.478125 0
0.4875 0
0.496875 0
0.50625 0
0.515625 0
0.525 0
0.534375 0
0.54375 0
0.553125 0
0.5625 0
0.571875 0
0.58125 0
0.590625 0
0.6 0
0.609375 0
0.61875 0
0.628125 0
0.6375 0
0.646875 0
0.65625 0
0.665625 0
0.675 0
0.684375 0
0.69375 0
0.703125 0
0.7125 0
0.721875 0
0.73125 0
0.740625 0
0.75 0
0.759375 0
0.76875 0
0.778125 0
0.7875 0
0.796875 0
0.80625 0
0.815625 0
0.825 0
0.834375 0
0.84375 0
0.853125 0
0.8625 0
0.871875 0
0.88125 0
0.890625 0
0.9 0
0.909375 0
0.91875 0
0.928125 0
0.9375 0
0.946875 6.241e-05
0.95625 0.000917974
0.965625 0.00591211
0.975 0.0232863
0.984375 0.065768
0.99375 0.16669
1.00313 0.351993
1.0125 0.644316
1.02187 1.04816
1.03125 1.60193
1.04062 2.20513
1.05 2.8512
1.05937 3.38132
1.06875 3.90642
1.07812 4.25788
1.0875 4.48516
1.09688 4.59691
1.10625 4.58639
1.11562 4.46896
1.125 4.26531
1.13437 3.99273
1.14375 3.71439
1.15312 3.43757
1.1625 3.14737
1.17188 2.86325
1.18125 2.59999
1.19063 2.33872
1.2 2.12473
1.20937 1.95195
1.21875 1.75412
1.22812 1.58125
1.2375 1.4572
1.24687 1.3193
1.25625 1.19256
1.26562 1.09061
1.275 0.985693
1.28438 0.90125
1.29375 0.837116
1.30312 0.783295
1.3125 0.722041
1.32187 0.678908
1.33125 0.63775
1.34062 0.600042
1.35 0.561511
1.35938 0.537738
1.36875 0.516641
1.37813 0.493509
1.3875 0.478181
1.39687 0.463348
1.40625 0.448156
1.41562 0.435928
1.425 0.416959
1.43437 0.406769
1.44375 0.413372
1.45312 0.406477
1.4625 0.398398
1.47188 0.394962
1.48125 0.399592
1.49062 0.402849
1.5 0.392578
1.50937 0.394437
1.51875 0.407067
1.52812 0.416619
1.5375 0.428118
1.54688 0.43607
1.55625 0.44299
1.56563 0.452601
1.575 0.451434
1.58437 0.460771
1.59375 0.470189
1.60312 0.474056
1.6125 0.481141
1.62187 0.489398
1.63125 0.497372
1.64062 0.52129
1.65 0.540281
1.65938 0.550914
1.66875 0.554192
1.67812 0.58127
1.6875 0.604628
1.69687 0.62122
1.70625 0.643243
1.71562 0.667347
1.725 0.69382
1.73438 0.721049
1.74375 0.747813
1.75313 0.778996
1.7625 0.815801
1.77187 0.859871
1.78125 0.905614
1.79062 0.948771
1.8 0.998783
1.80937 1.04206
1.81875 1.07608
1.82812 1.13015
1.8375 1.17669
1.84687 1.21203
1.85625 1.25176
1.86562 1.28295
1.875 1.31805
1.88437 1.35083
1.89375 1.38282
1.90312 1.39578
1.9125 1.41235
1.92188 1.43815
1.93125 1.44413
1.94062 1.45391
1.95 1.46187
1.95937 1.45668
1.96875 1.4618
1.97812 1.44781
1.9875 1.43489
1.99687 1.41364
2.00625 1.39437
2.01562 1.37938
2.025 1.36093
2.03437 1.3453
2.04375 1.33799
2.05313 1.33558
2.0625 1.32736
2.07187 1.32701
2.08125 1.33048
2.09062 1.34215
2.1 1.35055
2.10938 1.34975
2.11875 1.34688
2.12812 1.35759
2.1375 1.34863
2.14688 1.35645
2.15625 1.36685
2.16562 1.35892
2.175 1.3483
2.18437 1.33004
2.19375 1.31735
2.20312 1.30098
2.2125 1.27424
2.22187 1.25424
2.23125 1.22294
2.24063 1.19116
2.25 1.16322
2.25937 1.12232
2.26875 1.07562
2.27812 1.04367
2.2875 1.01996
2.29688 0.985326
2.30625 0.946454
2.31562 0.914638
2.325 0.888602
2.33438 0.861135
2.34375 0.829748
2.35312 0.80513
2.3625 0.781843
2.37187 0.758293
2.38125 0.743699
2.39062 0.720884
2.4 0.700683
2.40937 0.692415
2.41875 0.682036
2.42813 0.673038
2.4375 0.655648
2.44687 0.64889
2.45625 0.643246
2.46562 0.638975
2.475 0.638132
2.48438 0.634036
2.49375 0.642106
2.50312 0.652693
2.5125 0.650926
2.52188 0.665514
2.53125 0.667272
2.54062 0.676575
2.55 0.681866
2.55937 0.69552
2.56875 0.705863
2.57812 0.715832
2.5875 0.728383
2.59687 0.744309
2.60625 0.766214
2.61563 0.782675
2.625 0.799585
2.63437 0.815802
2.64375 0.840104
2.65312 0.860663
2.6625 0.882534
2.67188 0.902898
2.68125 0.923584
2.69062 0.940895
2.7 0.962928
2.70938 0.991819
2.71875 1.00229
2.72812 1.02263
2.7375 1.04303
2.74687 1.06609
2.75625 1.08905
2.76562 1.109
2.775 1.12315
2.78437 1.1477
2.79375 1.17283
2.80313 1.18163
2.8125 1.19185
2.82187 1.20149
2.83125 1.20805
2.84062 1.22773
2.85 1.23573
2.85938 1.24431
2.86875 1.2522
2.87812 1.24914
2.8875 1.25808
2.89688 1.26494
2.90625 1.25307
2.91562 1.24877
2.925 1.24459
2.93437 1.24867
2.94375 1.24606
2.95312 1.23864
2.9625 1.21911
2.97187 1.21154
2.98125 1.20414
2.99063 1.2017
3 1.19064
3.00937 1.18812
3.01875 1.16975
3.02812 1.15994
3.0375 1.14986
3.04688 1.12997
3.05625 1.12552
3.06562 1.11808
3.075 1.0915
3.08438 1.07861
3.09375 1.07036
3.10312 1.06832
3.1125 1.05822
3.12187 1.04355
3.13125 1.03114
3.14062 1.01789
3.15 1.00941
3.15937 1.0006
3.16875 1.00176
3.17813 0.998828
3.1875 0.985233
3.19687 0.974568
3.20625 0.971908
3.21562 0.971404
3.225 0.962197
3.23438 0.952954
3.24375 0.950562
3.25312 0.946209
3.2625 0.936695
3.27188 0.925439
3.28125 0.915971
3.29062 0.911162
3.3 0.897438
3.30937 0.899713
3.31875 0.898799
3.32812 0.887484
3.3375 0.878298
3.34687 0.874417
3.35625 0.868785
3.36563 0.858822
3.375 0.853738
3.38437 0.853695
3.39375 0.845062
3.40312 0.837619
3.4125 0.835432
3.42188 0.833126
3.43125 0.828842
3.44062 0.831088
3.45 0.831525
3.45938 0.826347
3.46875 0.821078
3.47812 0.823917
3.4875 0.836392
3.49687 0.838542
3.50625 0.838453
3.51562 0.843031
3.525 0.848025
3.53437 0.861231
3.54375 0.870263
3.55313 0.878667
3.5625 0.890407
3.57187 0.903049
3.58125 0.918468
3.59062 0.927003
3.6 0.938107
3.60938 0.953601
3.61875 0.959469
3.62812 0.977888
3.6375 0.987398
3.64687 0.997939
3.65625 1.00593
3.66562 1.01654
3.675 1.02942
3.68437 1.03895
3.69375 1.04864
3.70312 1.0606
3.7125 1.0735
3.72187 1.08294
3.73125 1.0927
3.74062 1.09687

0.009375 0
0.01875 0
0.028125 0
0.0375 0
0.046875 0
0.05625 0
0.065625 0
0.075 0
0.084375 0
0.09375 0
0.103125 0
0.1125 0
0.121875 0
0.13125 0
0.140625 0
0.15 0
0.159375 0
0.16875 0
0.178125 0
0.1875 0
0.196875 0
0.20625 0
0.215625 0
0.225 0
0.234375 0
0.24375 0
0.253125 0
0.2625 0
0.271875 0
0.28125 0
0.290625 0
0.3 0
0.309375 0
0.31875 0
0.328125 0
0.3375 0
0.346875 0
0.35625 0
0.365625 0
0.375 0
0.384375 0
0.39375 0
0.403125 0
0.4125 0
0.421875 0
0.43125 0
0.440625 0
0.45 0
0.459375 0
0.46875 0
0.478125 0
0.4875 0
0.496875 0
0.50625 0
0.515625 0
0.525 0
0.534375 0
0.54375 0
0.553125 0
0.5625 0
0.571875 0
0.58125 0
0.590625 0
0.6 0
0.609375 0
0.61875 0
0.628125 0
0.6375 0
0.646875 0
0.65625 0
0.665625 0
0.675 0
0.684375 0
0.69375 0
0.703125 0
0.7125 0
0.721875 0
0.73125 0
0.740625 0
0.75 0
0.759375 0
0.76875 0
0.778125 0
0.7875 0
0.796875 0
0.80625 0
0.815625 0
0.825 0
0.834375 0
0.84375 0
0.853125 0
0.8625 0
0.871875 0
0.88125 0
0.890625 0
0.9 0
0.909375 0
0.91875 0
0.928125 0
0.9375 0.000127316
0.946875 0.000280845
0.95625 0.00168295
0.965625 0.00762272
0.975 0.0257298
0.984375 0.0724402
0.99375 0.18517
1.00313 0.386961
1.0125 0.704177
1.02187 1.16458
1.03125 1.71778
1.04062 2.35214
1.05 2.97914
1.05937 3.56856
1.06875 4.03596
1.07812 4.36972
1.0875 4.54023
1.09688 4.61955
1.10625 4.58559
1.11562 4.4564
1.125 4.21483
1.13437 3.96481
1.14375 3.68032
1.15312 3.39273
1.1625 3.08339
1.17188 2.81996
1.18125 2.55995
1.19063 2.32093
1.2 2.0789
1.20937 1.86473
1.21875 1.70221
1.22812 1.53546
1.2375 1.41873
1.24687 1.27065
1.25625 1.16967
1.26562 1.07394
1.275 0.993561
1.28438 0.908221
1.29375 0.838926
1.30312 0.773103
1.3125 0.720217
1.32187 0.672968
1.33125 0.625274
1.34062 0.587896
1.35 0.56088
1.35938 0.537662
1.36875 0.516117
1.37813 0.500897
1.3875 0.482832
1.39687 0.452287
1.40625 0.444522
1.41562 0.430535
1.425 0.425461
1.43437 0.424806
1.44375 0.413695
1.45312 0.407408
1.4625 0.40521
1.47188 0.401209
1.48125 0.406016
1.49062 0.407891
1.5 0.406568
1.50937 0.402584
1.51875 0.401333
1.52812 0.402488
1.5375 0.413636
1.54688 0.423617
1.55625 0.434953
1.56563 0.435436
1.575 0.430645
1.58437 0.44619
1.59375 0.455957
1.60312 0.458645
1.6125 0.46809
1.62187 0.486654
1.63125 0.502292
1.64062 0.525862
1.65 0.529889
1.65938 0.546802
1.66875 0.552901
1.67812 0.582388
1.6875 0.606631
1.69687 0.627426
1.70625 0.654304
1.71562 0.677849
1.725 0.709205
1.73438 0.74037
1.74375 0.774062
1.75313 0.811422
1.7625 0.847295
1.77187 0.891832
1.78125 0.936177
1.79062 0.970441
1.8 1.01687
1.80937 1.07715
1.81875 1.12825
1.82812 1.17037
1.8375 1.20167
1.84687 1.24493
1.85625 1.29067
1.86562 1.32608
1.875 1.35166
1.88437 1.40437
1.89375 1.42145
1.90312 1.43302
1.9125 1.44743
1.92188 1.45923
1.93125 1.47103
1.94062 1.46003
1.95 1.45176
1.95937 1.44748
1.96875 1.4409
1.97812 1.43455
1.9875 1.404
1.99687 1.39826
2.00625 1.3799
2.01562 1.37056
2.025 1.35775
2.03437 1.34713
2.04375 1.3269
2.05313 1.32935
2.0625 1.31275
2.07187 1.30435
2.08125 1.31813
2.09062 1.32957
2.1 1.33457
2.10938 1.34043
2.11875 1.36122
2.12812 1.37173
2.1375 1.38185
2.14688 1.38303
2.15625 1.38125
2.16562 1.36168
2.175 1.35557
2.18437 1.33468
2.19375 1.32473
2.20312 1.30077
2.2125 1.27466
2.22187 1.24539
2.23125 1.21404
2.24063 1.17991
2.25 1.14646
2.25937 1.10647
2.26875 1.07228
2.27812 1.03683
2.2875 1.00151
2.29688 0.965515
2.30625 0.937666
2.31562 0.907873
2.325 0.874384
2.33438 0.846969
2.34375 0.829354
2.35312 0.81128
2.3625 0.785373
2.37187 0.756777
2.38125 0.738383
2.39062 0.721135
2.4 0.702301
2.40937 0.68268
2.41875 0.664
2.42813 0.651965
2.4375 0.649271
2.44687 0.637329
2.45625 0.636868
2.46562 0.638188
2.475 0.632806
2.48438 0.63047
2.49375 0.634316
2.50312 0.642786
2.5125 0.645579
2.52188 0.651496
2.53125 0.669324
2.54062 0.671132
2.55 0.675302
2.55937 0.691604
2.56875 0.70498
2.57812 0.727471
2.5875 0.739854
2.59687 0.744931
2.60625 0.759275
2.61563 0.779955
2.625 0.801497
2.63437 0.814508
2.64375 0.83444
2.65312 0.861903
2.6625 0.886291
2.67188 0.911074
2.68125 0.926094
2.69062 0.946465
2.7 0.97703
2.70938 1.00157
2.71875 1.02155
2.72812 1.0482
2.7375 1.08102
2.74687 1.09447
2.75625 1.11797
2.76562 1.13595
2.775 1.15681
2.78437 1.16882
2.79375 1.1877
2.80313 1.20645
2.8125 1.22103
2.82187 1.23127
2.83125 1.23307
2.84062 1.24576
2.85 1.25207
2.85938 1.26354
2.86875 1.27542
2.87812 1.27571
2.8875 1.27018
2.89688 1.26947
2.90625 1.27329
2.91562 1.25928
2.925 1.2614
2.93437 1.25121
2.94375 1.24052
2.95312 1.23372
2.9625 1.22572
2.97187 1.21217
2.98125 1.20397
2.99063 1.1889
3 1.18
3.00937 1.16983
3.01875 1.14918
3.02812 1.13711
3.0375 1.12809
3.04688 1.1165
3.05625 1.11071
3.06562 1.09686
3.075 1.09382
3.08438 1.07497
3.09375 1.05917
3.10312 1.04861
3.1125 1.04243
3.12187 1.03675
3.13125 1.02708
3.14062 1.01422
3.15 1.00248
3.15937 0.991128
3.16875 0.987399
3.17813 0.983931
3.1875 0.975503
3.19687 0.967243
3.20625 0.966608
3.21562 0.953441
3.225 0.951866
3.23438 0.949614
3.24375 0.939822
3.25312 0.937775
3.2625 0.932743
3.27188 0.928944
3.28125 0.922306
3.29062 0.907176
3.3 0.904297
3.30937 0.896911
3.31875 0.88973
3.32812 0.8806
3.3375 0.873666
3.34687 0.865822
3.35625 0.856531
3.36563 0.857362
3.375 0.849926
3.38437 0.846674
3.39375 0.84082
3.40312 0.837857
3.4125 0.832013
3.42188 0.827563
3.43125 0.830386
3.44062 0.828894
3.45 0.828352
3.45938 0.828765
3.46875 0.829401
3.47812 0.830341
3.4875 0.835606
3.49687 0.841379
3.50625 0.851246
3.51562 0.857379
3.525 0.860619
3.53437 0.866438
3.54375 0.879495
3.55313 0.887029
3.5625 0.897046
3.57187 0.899405
3.58125 0.908676
3.59062 0.920412
3.6 0.93677
3.60938 0.947513
3.61875 0.959685
3.62812 0.971838
3.6375 0.983536
3.64687 0.99485
3.65625 1.00394
3.66562 1.01736
3.675 1.03319
3.68437 1.04756
3.69375 1.06236
3.70312 1.06819
3.7125 1.07463
3.72187 1.08224
3.73125 1.08928
3.74062 1.09772

0.009375 0
0.01875 0
0.028125 0
0.0375 0
0.046875 0
0.05625 0
0.065625 0
0.075 0
0.084375 0
0.09375 0
0.103125 0
0.1125 0
0.121875 0
0.13125 0
0.140625 0
0.15 0
0.159375 0
0.16875 0
0.178125 0
0.1875 0
0.196875 0
0.20625 0
0.215625 0
0.225 0
0.234375 0
0.24375 0
0.253125 0
0.2625 0
0.271875 0
0.28125 0
0.290625 0
0.3 0
0.309375 0
0.31875 0
0.328125 0
0.3375 0
0.346875 0
0.35625 0
0.365625 0
0.375 0
0.384375 0
0.39375 0
0.403125 0
0.4125 0
0.421875 0
0.43125 0
0.440625 0
0.45 0
0.459375 0
0.46875 0
0.478125 0
0.4875 0
0.496875 0
0.50625 0
0.515625 0
0.525 0
0.534375 0
0.54375 0
0.553125 0
0.5625 0
0.571875 0
0.58125 0
0.590625 0
0.6 0
0.609375 0
0.61875 0
0.628125 0
0.6375 0
0.646875 0
0.65625 0
0.665625 0
0.675 0
0.684375 0
0.69375 0
0.703125 0
0.7125 0
0.721875 0
0.73125 0
0.740625 0
0.75 0
0.759375 0
0.76875 0
0.778125 0
0.7875 0
0.796875 0
0.80625 0
0.815625 0
0.825 0
0.834375 0
0.84375 0
0.853125 0
0.8625 0
0.871875 0
0.88125 0
0.890625 0
0.9 0
0.909375 0
0.91875 0
0.928125 0
0.9375 0
0.946875 0.000592895
0.95625 0.00241733
0.965625 0.00864308
0.975 0.025141
0.984375 0.0797188
0.99375 0.188004
1.00313 0.374526
1.0125 0.674793
1.02187 1.10313
1.03125 1.64798
1.04062 2.26414
1.05 2.87474
1.05937 3.44912
1.06875 3.97353
1.07812 4.30873
1.0875 4.49752
1.09688 4.58439
1.10625 4.55899
1.11562 4.42441
1.125 4.22335
1.13437 3.9848
1.14375 3.73382
1.15312 3.44126
1.1625 3.13683
1.17188 2.85797
1.18125 2.60148
1.19063 2.35176
1.2 2.10951
1.20937 1.9091
1.21875 1.72875
1.22812 1.57454
1.2375 1.43354
1.24687 1.31324
1.25625 1.19813
1.26562 1.09571
1.275 1.00103
1.28438 0.926688
1.29375 0.844238
1.30312 0.795471
1.3125 0.743669
1.32187 0.685684
1.33125 0.635565
1.34062 0.606692
1.35 0.577631
1.35938 0.552984
1.36875 0.523007
1.37813 0.497912
1.3875 0.47703
1.39687 0.465462
1.40625 0.445431
1.41562 0.434877
1.425 0.428059
1.43437 0.415146
1.44375 0.408079
1.45312 0.402076
1.4625 0.40378
1.47188 0.401209
1.48125 0.388497
1.49062 0.391931
1.5 0.395898
1.50937 0.403915
1.51875 0.397717
1.52812 0.388899
1.5375 0.390766
1.54688 0.389814
1.55625 0.408119
1.56563 0.412977
1.575 0.423999
1.58437 0.437541
1.59375 0.439059
1.60312 0.458973
1.6125 0.462191
1.62187 0.470452
1.63125 0.482707
1.64062 0.4972
1.65 0.504605
1.65938 0.529812
1.66875 0.54162
1.67812 0.556386
1.6875 0.588208
1.69687 0.613793
1.70625 0.636727
1.71562 0.662
1.725 0.700308
1.73438 0.734316
1.74375 0.771382
1.75313 0.800512
1.7625 0.843595
1.77187 0.880632
1.78125 0.939516
1.79062 0.978997
1.8 1.01534
1.80937 1.05037
1.81875 1.10346
1.82812 1.15166
1.8375 1.2026
1.84687 1.25324
1.85625 1.29174
1.86562 1.33513
1.875 1.36224
1.88437 1.4007
1.89375 1.42347
1.90312 1.43865
1.9125 1.45638
1.92188 1.47308
1.93125 1.48253
1.94062 1.48484
1.95 1.48393
1.95937 1.47492
1.96875 1.46201
1.97812 1.44478
1.9875 1.43393
1.99687 1.41472
2.00625 1.3999
2.01562 1.38763
2.025 1.36883
2.03437 1.35501
2.04375 1.34555
2.05313 1.3231
2.0625 1.31996
2.07187 1.3149
2.08125 1.31361
2.09062 1.32551
2.1 1.33597
2.10938 1.33512
2.11875 1.33784
2.12812 1.34052
2.1375 1.33521
2.14688 1.32736
2.15625 1.3319
2.16562 1.33244
2.175 1.3283
2.18437 1.31575
2.19375 1.31043
2.20312 1.29663
2.2125 1.27123
2.22187 1.23399
2.23125 1.20942
2.24063 1.18224
2.25 1.14377
2.25937 1.11327
2.26875 1.08488
2.27812 1.05333
2.2875 1.01471
2.29688 0.993615
2.30625 0.956602
2.31562 0.926724
2.325 0.898806
2.33438 0.867317
2.34375 0.844012
2.35312 0.824739
2.3625 0.79756
2.37187 0.77188
2.38125 0.755457
2.39062 0.731162
2.4 0.708287
2.40937 0.696158
2.41875 0.677952
2.42813 0.666258
2.4375 0.653511
2.44687 0.653892
2.45625 0.646577
2.46562 0.634025
2.475 0.638817
2.48438 0.644389
2.49375 0.643609
2.50312 0.64585
2.5125 0.641695
2.52188 0.640505
2.53125 0.649645
2.54062 0.658589
2.55 0.672588
2.55937 0.684479
2.56875 0.688435
2.57812 0.704425
2.5875 0.711264
2.59687 0.729017
2.60625 0.746994
2.61563 0.760148
2.625 0.783875
2.63437 0.804548
2.64375 0.820083
2.65312 0.83734
2.6625 0.863215
2.67188 0.888419
2.68125 0.903601
2.69062 0.928834
2.7 0.954465
2.70938 0.97829
2.71875 0.99837
2.72812 1.0194
2.7375 1.04661
2.74687 1.0604
2.75625 1.08813
2.76562 1.11341
2.775 1.14491
2.78437 1.16657
2.79375 1.18734
2.80313 1.19978
2.8125 1.20767
2.82187 1.22842
2.83125 1.24025
2.84062 1.26815
2.85 1.28585
2.85938 1.28686
2.86875 1.29143
2.87812 1.28721
2.8875 1.29886
2.89688 1.2991
2.90625 1.29086
2.91562 1.28303
2.925 1.27879
2.93437 1.27518
2.94375 1.26752
2.95312 1.25879
2.9625 1.2495
2.97187 1.23796
2.98125 1.23285
2.99063 1.22638
3 1.21325
3.00937 1.203
3.01875 1.18605
3.02812 1.17234
3.0375 1.15411
3.04688 1.14495
3.05625 1.12719
3.06562 1.10815
3.075 1.08764
3.08438 1.07281
3.09375 1.0578
3.10312 1.04504
3.1125 1.03764
3.12187 1.02404
3.13125 1.0088
3.14062 0.998467
3.15 0.986193
3.15937 0.973025
3.16875 0.963909
3.17813 0.959943
3.1875 0.954851
3.19687 0.947426
3.20625 0.937711
3.21562 0.934224
3.225 0.934223
3.23438 0.929523
3.24375 0.927293
3.25312 0.923223
3.2625 0.919688
3.27188 0.914537
3.28125 0.906992
3.29062 0.900673
3.3 0.900276
3.30937 0.895736
3.31875 0.881559
3.32812 0.875866
3.3375 0.874048
3.34687 0.867855
3.35625 0.859765
3.36563 0.853845
3.375 0.851563
3.38437 0.844593
3.39375 0.842787
3.40312 0.838171
3.4125 0.835865
3.42188 0.837655
3.43125 0.83871
3.44062 0.833609
3.45 0.836009
3.45938 0.836357
3.46875 0.836916
3.47812 0.838233
3.4875 0.840627
3.49687 0.846479
3.50625 0.845073
3.51562 0.844983
3.525 0.855529
3.53437 0.860735
3.54375 0.87686
3.55313 0.88479
3.5625 0.89447
3.57187 0.899614
3.58125 0.914359
3.59062 0.921298
3.6 0.928372
3.60938 0.940655
3.61875 0.954401
3.62812 0.962056
3.6375 0.972247
3.64687 0.983784
3.65625 0.999387
3.66562 1.00621
3.675 1.0204
3.68437 1.03269
3.69375 1.04719
3.70312 1.0579
3.7125 1.06737
3.72187 1.07805
3.73125 1.08978
3.74062 1.10607

0.009375 0
0.01875 0
0.028125 0
0.0375 0
0.046875 0
0.05625 0
0.065625 0
0.075 0
0.084375 0
0.09375 0
0.103125 0
0.1125 0
0.121875 0
0.13125 0
0.140625 0
0.15 0
0.159375 0
0.16875 0
0.178125 0
0.1875 0
0.196875 0
0.20625 0
0.215625 0
0.225 0
0.234375 0
0.24375 0
0.253125 0
0.2625 0
0.271875 0
0.28125 0
0.290625 0
0.3 0
0.309375 0
0.31875 0
0.328125 0
0.3375 0
0.346875 0
0.35625 0
0.365625 0
0.375 0
0.384375 0
0.39375 0
0.403125 0
0.4125 0
0.421875 0
0.43125 0
0.440625 0
0.45 0
0.459375 0
0.46875 0
0.478125 0
0.4875 0
0.496875 0
0.50625 0
0.515625 0
0.525 0
0.534375 0
0.54375 0
0.553125 0
0.5625 0
0.571875 0
0.58125 0
0.590625 0
0.6 0
0.609375 0
0.61875 0
0.628125 0
0.6375 0
0.646875 0
0.65625 0
0.665625 0
0.675 0
0.684375 0
0.69375 0
0.703125 0
0.7125 0
0.721875 0
0.73125 0
0.740625 0
0.75 0
0.759375 0
0.76875 0
0.778125 0
0.7875 0
0.796875 0
0.80625 0
0.815625 0
0.825 0
0.834375 0
0.84375 0
0.853125 0
0.8625 0
0.871875 0
0.88125 0
0.890625 0
0.9 0
0.909375 0
0.91875 0
0.928125 0
0.9375 0
0.946875 0.000280845
0.95625 0.00119337
0.965625 0.0061822
0.975 0.0245522
0.984375 0.0791123
0.99375 0.174229
1.00313 0.376974
1.0125 0.69937
1.02187 1.14892
1.03125 1.70398
1.04062 2.29509
1.05 2.92311
1.05937 3.50312
1.06875 3.93175
1.07812 4.28145
1.0875 4.54591
1.09688 4.62637
1.10625 4.56654
1.11562 4.43951
1.125 4.20367
1.13437 3.96683
1.14375 3.69793
1.15312 3.4135
1.1625 3.13173
1.17188 2.82492
1.18125 2.56134
1.19063 2.35354
1.2 2.15576
1.20937 1.9444
1.21875 1.73521
1.22812 1.55997
1.2375 1.43611
1.24687 1.30204
1.25625 1.20029
1.26562 1.08137
1.275 0.995287
1.28438 0.92815
1.29375 0.850691
1.30312 0.789408
1.3125 0.744076
1.32187 0.689875
1.33125 0.637053
1.34062 0.601337
1.35 0.565022
1.35938 0.53918
1.36875 0.522408
1.37813 0.487879
1.3875 0.474406
1.39687 0.461133
1.40625 0.437794
1.41562 0.429975
1.425 0.417374
1.43437 0.411503
1.44375 0.414072
1.45312 0.402143
1.4625 0.391717
1.47188 0.382287
1.48125 0.388164
1.49062 0.387103
1.5 0.384054
1.50937 0.389999
1.51875 0.387345
1.52812 0.391532
1.5375 0.395198
1.54688 0.405941
1.55625 0.412653
1.56563 0.423301
1.575 0.428324
1.58437 0.432886
1.59375 0.451035
1.60312 0.456153
1.6125 0.471634
1.62187 0.480299
1.63125 0.490404
1.64062 0.501928
1.65 0.518423
1.65938 0.531037
1.66875 0.546928
1.67812 0.564248
1.6875 0.587458
1.69687 0.616906
1.70625 0.646698
1.71562 0.667204
1.725 0.70452
1.73438 0.732718
1.74375 0.775717
1.75313 0.805267
1.7625 0.844681
1.77187 0.877051
1.78125 0.925599
1.79062 0.964366
1.8 1.00647
1.80937 1.05374
1.81875 1.11459
1.82812 1.16106
1.8375 1.20253
1.84687 1.23806
1.85625 1.29434
1.86562 1.32684
1.875 1.37862
1.88437 1.40074
1.89375 1.42173
1.90312 1.43884
1.9125 1.46214
1.92188 1.465
1.93125 1.47171
1.94062 1.48933
1.95 1.49584
1.95937 1.49339
1.96875 1.47674
1.97812 1.46485
1.9875 1.43831
1.99687 1.42548
2.00625 1.4109
2.01562 1.39238
2.025 1.36843
2.03437 1.36362
2.04375 1.3524
2.05313 1.32598
2.0625 1.33112
2.07187 1.31837
2.08125 1.31624
2.09062 1.32269
2.1 1.32717
2.10938 1.31629
2.11875 1.32808
2.12812 1.33252
2.1375 1.34396
2.14688 1.3483
2.15625 1.34895
2.16562 1.33881
2.175 1.33607
2.18437 1.32239
2.19375 1.29696
2.20312 1.28151
2.2125 1.26396
2.22187 1.23466
2.23125 1.19564
2.24063 1.17033
2.25 1.15073
2.25937 1.12818
2.26875 1.08956
2.27812 1.05457
2.2875 1.01472
2.29688 0.980328
2.30625 0.94892
2.31562 0.921964
2.325 0.890606
2.33438 0.86113
2.34375 0.833268
2.35312 0.804144
2.3625 0.783185
2.37187 0.764666
2.38125 0.737351
2.39062 0.72049
2.4 0.714243
2.40937 0.695761
2.41875 0.676994
2.42813 0.664439
2.4375 0.654293
2.44687 0.644574
2.45625 0.637092
2.46562 0.63753
2.475 0.634272
2.48438 0.633275
2.49375 0.632465
2.50312 0.630764
2.5125 0.633066
2.52188 0.641275
2.53125 0.643063
2.54062 0.656434
2.55 0.668977
2.55937 0.682523
2.56875 0.693892
2.57812 0.707712
2.5875 0.725986
2.59687 0.737229
2.60625 0.753982
2.61563 0.772494
2.625 0.791973
2.63437 0.811514
2.64375 0.831987
2.65312 0.850843
2.6625 0.868529
2.67188 0.889674
2.68125 0.914674
2.69062 0.937158
2.7 0.961893
2.70938 0.985601
2.71875 1.00873
2.72812 1.03779
2.7375 1.05577
2.74687 1.081
2.75625 1.10397
2.76562 1.12518
2.775 1.14579
2.78437 1.16257
2.79375 1.18799
2.80313 1.20423
2.8125 1.21058
2.82187 1.23292
2.83125 1.25123
2.84062 1.26545
2.85 1.27866
2.85938 1.28308
2.86875 1.2815
2.87812 1.27701
2.8875 1.28315
2.89688 1.29145
2.90625 1.29101
2.91562 1.29323
2.925 1.28793
2.93437 1.27923
2.94375 1.27324
2.95312 1.25927
2.9625 1.25565
2.97187 1.24082
2.98125 1.22513
2.99063 1.221
3 1.20874
3.00937 1.18881
3.01875 1.18214
3.02812 1.15716
3.0375 1.1449
3.04688 1.13261
3.05625 1.11359
3.06562 1.09888
3.075 1.08388
3.08438 1.06744
3.09375 1.05261
3.10312 1.04264
3.1125 1.02922
3.12187 1.02136
3.13125 1.0085
3.14062 0.995974
3.15 0.984952
3.15937 0.985511
3.16875 0.975171
3.17813 0.962995
3.1875 0.959831
3.19687 0.950676
3.20625 0.950756
3.21562 0.947536
3.225 0.936496
3.23438 0.936873
3.24375 0.932932
3.25312 0.921349
3.2625 0.920037
3.27188 0.912671
3.28125 0.907181
3.29062 0.909608
3.3 0.90052
3.30937 0.89121
3.31875 0.886333
3.32812 0.882411
3.3375 0.869869
3.34687 0.862363
3.35625 0.862472
3.36563 0.856215
3.375 0.843845
3.38437 0.841535
3.39375 0.834408
3.40312 0.834633
3.4125 0.830876
3.42188 0.834462
3.43125 0.831262
3.44062 0.827899
3.45 0.826811
3.45938 0.826646
3.46875 0.824593
3.47812 0.83289
3.4875 0.839587
3.49687 0.840213
3.50625 0.840811
3.51562 0.846713
3.525 0.84292
3.53437 0.855181
3.54375 0.867117
3.55313 0.875719
3.5625 0.885888
3.57187 0.894121
3.58125 0.908854
3.59062 0.917912
3.6 0.930964
3.60938 0.941359
3.61875 0.957733
3.62812 0.973403
3.6375 0.983434
3.64687 0.998399
3.65625 1.00903
3.66562 1.02407
3.675 1.03661
3.68437 1.05272
3.69375 1.06468
3.70312 1.07342
3.7125 1.08521
3.72187 1.09451
3.73125 1.10715
3.74062 1.10891

0.009375 0
0.01875 0
0.028125 0
0.0375 0
0.046875 0
0.05625 0
0.065625 0
0.075 0
0.084375 0
0.09375 0
0.103125 0
0.1125 0
0.121875 0
0.13125 0
0.140625 0
0.15 0
0.159375 0
0.16875 0
0.178125 0
0.1875 0
0.196875 0
0.20625 0
0.215625 0
0.225 0
0.234375 0
0.24375 0
0.253125 0
0.2625 0
0.271875 0
0.28125 0
0.290625 0
0.3 0
0.309375 0
0.31875 0
0.328125 0
0.3375 0
0.346875 0
0.35625 0
0.365625 0
0.375 0
0.384375 0
0.39375 0
0.403125 0
0.4125 0
0.421875 0
0.43125 0
0.440625 0
0.45 0
0.459375 0
0.46875 0
0.478125 0
0.4875 0
0.496875 0
0.50625 0
0.515625 0
0.525 0
0.534375 0
0.54375 0
0.553125 0
0.5625 0
0.571875 0
0.58125 0
0.590625 0
0.6 0
0.609375 0
0.61875 0
0.628125 0
0.6375 0
0.646875 0
0.65625 0
0.665625 0
0.675 0
0.684375 0
0.69375 0
0.703125 0
0.7125 0
0.721875 0
0.73125 0
0.740625 0
0.75 0
0.759375 0
0.76875 0
0.778125 0
0.7875 0
0.796875 0
0.80625 0
0.815625 0
0.825 0
0.834375 0
0.84375 0
0.853125 0
0.8625 0
0.871875 0
0.88125 0
0.890625 0
0.9 0
0.909375 0
0.91875 0
0.928125 0
0.9375 3.18291e-05
0.946875 0.0006241
0.95625 0.00235613
0.965625 0.0105037
0.975 0.0313526
0.984375 0.0794878
0.99375 0.191604
1.00313 0.410245
1.0125 0.746505
1.02187 1.21268
1.03125 1.78726
1.04062 2.37771
1.05 3.03446
1.05937 3.59181
1.06875 4.03454
1.07812 4.36659
1.0875 4.57116
1.09688 4.63664
1.10625 4.58845
1.11562 4.42092
1.125 4.19446
1.13437 3.96807
1.14375 3.72857
1.15312 3.41069
1.1625 3.10717
1.17188 2.83541
1.18125 2.58695
1.19063 2.34452
1.2 2.09263
1.20937 1.8807
1.21875 1.69968
1.22812 1.54446
1.2375 1.40723
1.24687 1.27917
1.25625 1.15512
1.26562 1.07231
1.275 0.984503
1.28438 0.89773
1.29375 0.831434
1.30312 0.761836
1.3125 0.711928
1.32187 0.665678
1.33125 0.62423
1.34062 0.589832
1.35 0.562081
1.35938 0.52562
1.36875 0.496479
1.37813 0.480949
1.3875 0.453573
1.39687 0.442837
1.40625 0.430726
1.41562 0.414778
1.425 0.400564
1.43437 0.397409
1.44375 0.391311
1.45312 0.387837
1.4625 0.392964
1.47188 0.397515
1.48125 0.387115
1.49062 0.387394
1.5 0.39611
1.50937 0.398652
1.51875 0.407165
1.52812 0.415524
1.5375 0.414765
1.54688 0.427068
1.55625 0.431324
1.56563 0.442093
1.575 0.446928
1.58437 0.456407
1.59375 0.467546
1.60312 0.474548
1.6125 0.487094
1.62187 0.502951
1.63125 0.505945
1.64062 0.516645
1.65 0.532262
1.65938 0.541975
1.66875 0.561639
1.67812 0.575254
1.6875 0.592402
1.69687 0.616652
1.70625 0.642721
1.71562 0.67256
1.725 0.701385
1.73438 0.740697
1.74375 0.769542
1.75313 0.803969
1.7625 0.845106
1.77187 0.884643
1.78125 0.928337
1.79062 0.982819
1.8 1.02395
1.80937 1.08037
1.81875 1.11767
1.82812 1.17469
1.8375 1.21898
1.84687 1.25379
1.85625 1.30242
1.86562 1.32283
1.875 1.34873
1.88437 1.38746
1.89375 1.41933
1.90312 1.44093
1.9125 1.45658
1.92188 1.46632
1.93125 1.49046
1.94062 1.50125
1.95 1.48844
1.95937 1.48739
1.96875 1.47514
1.97812 1.45678
1.9875 1.44864
1.99687 1.42756
2.00625 1.42053
2.01562 1.40839
2.025 1.37897
2.03437 1.35856
2.04375 1.33932
2.05313 1.32763
2.0625 1.31996
2.07187 1.3192
2.08125 1.32126
2.09062 1.33904
2.1 1.33674
2.10938 1.33649
2.11875 1.34413
2.12812 1.34508
2.1375 1.34875
2.14688 1.34857
2.15625 1.34324
2.16562 1.33591
2.175 1.33351
2.18437 1.31957
2.19375 1.31803
2.20312 1.29529
2.2125 1.26861
2.22187 1.23794
2.23125 1.20963
2.24063 1.17393
2.25 1.14718
2.25937 1.11754
2.26875 1.07383
2.27812 1.03352
2.2875 1.00263
2.29688 0.964411
2.30625 0.922582
2.31562 0.89714
2.325 0.866752
2.33438 0.839553
2.34375 0.818687
2.35312 0.801979
2.3625 0.774159
2.37187 0.743605
2.38125 0.724178
2.39062 0.712433
2.4 0.698929
2.40937 0.682059
2.41875 0.670042
2.42813 0.655923
2.4375 0.64019
2.44687 0.642364
2.45625 0.640829
2.46562 0.637276
2.475 0.636542
2.48438 0.64101
2.49375 0.637647
2.50312 0.642481
2.5125 0.642823
2.52188 0.648942
2.53125 0.65029
2.54062 0.665636
2.55 0.67974
2.55937 0.690745
2.56875 0.702638
2.57812 0.718415
2.5875 0.734379
2.59687 0.749958
2.60625 0.769086
2.61563 0.783313
2.625 0.800611
2.63437 0.824058
2.64375 0.839222
2.65312 0.862619
2.6625 0.888567
2.67188 0.913977
2.68125 0.930516
2.69062 0.953816
2.7 0.976972
2.70938 1.00283
2.71875 1.02423
2.72812 1.05648
2.7375 1.06693
2.74687 1.08739
2.75625 1.10984
2.76562 1.13806
2.775 1.15473
2.78437 1.17292
2.79375 1.18604
2.80313 1.20403
2.8125 1.21295
2.82187 1.22982
2.83125 1.2476
2.84062 1.25522
2.85 1.2675
2.85938 1.28754
2.86875 1.29076
2.87812 1.28933
2.8875 1.28263
2.89688 1.27991
2.90625 1.27554
2.91562 1.27126
2.925 1.27285
2.93437 1.2759
2.94375 1.26436
2.95312 1.24464
2.9625 1.24603
2.97187 1.23492
2.98125 1.22362
2.99063 1.21005
3 1.18888
3.00937 1.18306
3.01875 1.16901
3.02812 1.15236
3.0375 1.13974
3.04688 1.12041
3.05625 1.10713
3.06562 1.09658
3.075 1.08054
3.08438 1.0717
3.09375 1.05649
3.10312 1.04039
3.1125 1.02664
3.12187 1.02251
3.13125 1.01313
3.14062 1.00208
3.15 0.990594
3.15937 0.982909
3.16875 0.976131
3.17813 0.970838
3.1875 0.959171
3.19687 0.953069
3.20625 0.943275
3.21562 0.945621
3.225 0.939985
3.23438 0.930223
3.24375 0.924875
3.25312 0.926492
3.2625 0.919899
3.27188 0.912895
3.28125 0.901986
3.29062 0.894335
3.3 0.893045
3.30937 0.885561
3.31875 0.882979
3.32812 0.880351
3.3375 0.874288
3.34687 0.864401
3.35625 0.856013
3.36563 0.854148
3.375 0.850569
3.38437 0.847756
3.39375 0.845246
3.40312 0.841726
3.4125 0.837849
3.42188 0.830994
3.43125 0.8308
3.44062 0.833195
3.45 0.831807
3.45938 0.834056
3.46875 0.830609
3.47812 0.832219
3.4875 0.827882
3.49687 0.84063
3.50625 0.850024
3.51562 0.850705
3.525 0.856675
3.53437 0.86295
3.54375 0.873472
3.55313 0.882971
3.5625 0.894217
3.57187 0.907136
3.58125 0.924688
3.59062 0.927836
3.6 0.940253
3.60938 0.950535
3.61875 0.960629
3.62812 0.977422
3.6375 0.986512
3.64687 0.999819
3.65625 1.01972
3.66562 1.02587
3.675 1.03867
3.68437 1.04725
3.69375 1.05976
3.70312 1.07043
3.7125 1.07675
3.72187 1.0975
3.73125 1.10351
3.74062 1.10577

0.009375 0
0.01875 0
0.028125 0
0.0375 0
0.046875 0
0.05625 0
0.065625 0
0.075 0
0.084375 0
0.09375 0
0.103125 0
0.1125 0
0.121875 0
0.13125 0
0.140625 0
0.15 0
0.159375 0
0.16875 0
0.178125 0
0.1875 0
0.196875 0
0.20625 0
0.215625 0
0.225 0
0.234375 0
0.24375 0
0.253125 0
0.2625 0
0.271875 0
0.28125 0
0.290625 0
0.3 0
0.309375 0
0.31875 0
0.328125 0
0.3375 0
0.346875 0
0.35625 0
0.365625 0
0.375 0
0.384375 0
0.39375 0
0.403125 0
0.4125 0
0.421875 0
0.43125 0
0.440625 0
0.45 0
0.459375 0
0.46875 0
0.478125 0
0.4875 0
0.496875 0
0.50625 0
0.515625 0
0.525 0
0.534375 0
0.54375 0
0.553125 0
0.5625 0
0.571875 0
0.58125 0
0.590625 0
0.6 0
0.609375 0
0.61875 0
0.628125 0
0.6375 0
0.646875 0
0.65625 0
0.665625 0
0.675 0
0.684375 0
0.69375 0
0.703125 0
0.7125 0
0.721875 0
0.73125 0
0.740625 0
0.75 0
0.759375 0
0.76875 0
0.778125 0
0.7875 0
0.796875 0
0.80625 0
0.815625 0
0.825 0
0.834375 0
0.84375 0
0.853125 0
0.8625 0
0.871875 0
0.88125 0
0.890625 0
0.9 0
0.909375 0
0.91875 0
0.928125 0
0.9375 0
0.946875 0.000218435
0.95625 0.00214194
0.965625 0.011104
0.975 0.0337961
0.984375 0.088124
0.99375 0.204755
1.00313 0.40738
1.0125 0.752513
1.02187 1.20997
1.03125 1.77325
1.04062 2.36703
1.05 2.96179
1.05937 3.52349
1.06875 4.00315
1.07812 4.34625
1.0875 4.55084
1.09688 4.61796
1.10625 4.54807
1.11562 4.44044
1.125 4.22043
1.13437 3.96842
1.14375 3.70033
1.15312 3.43849
1.1625 3.14277
1.17188 2.87895
1.18125 2.63042
1.19063 2.37416
1.2 2.11276
1.20937 1.92362
1.21875 1.71424
1.22812 1.56063
1.2375 1.41111
1.24687 1.28368
1.25625 1.18304
1.26562 1.07538
1.275 0.982501
1.28438 0.881712
1.29375 0.825602
1.30312 0.776357
1.3125 0.722872
1.32187 0.671844
1.33125 0.625179
1.34062 0.584305
1.35 0.557308
1.35938 0.527442
1.36875 0.505257
1.37813 0.482825
1.3875 0.468531
1.39687 0.438507
1.40625 0.433153
1.41562 0.412285
1.425 0.411126
1.43437 0.395512
1.44375 0.39783
1.45312 0.389419
1.4625 0.391179
1.47188 0.382249
1.48125 0.386821
1.49062 0.396834
1.5 0.394138
1.50937 0.392612
1.51875 0.400481
1.52812 0.397918
1.5375 0.405189
1.54688 0.417138
1.55625 0.414996
1.56563 0.424688
1.575 0.436997
1.58437 0.442721
1.59375 0.455857
1.60312 0.463246
1.6125 0.474281
1.62187 0.484913
1.63125 0.499124
1.64062 0.507731
1.65 0.532943
1.65938 0.546924
1.66875 0.568076
1.67812 0.590759
1.6875 0.609423
1.69687 0.627924
1.70625 0.650163
1.71562 0.682518
1.725 0.705682
1.73438 0.73624
1.74375 0.779404
1.75313 0.80342
1.7625 0.829598
1.77187 0.875252
1.78125 0.925759
1.79062 0.966636
1.8 1.01289
1.80937 1.06562
1.81875 1.10836
1.82812 1.15223
1.8375 1.19331
1.84687 1.236
1.85625 1.27874
1.86562 1.3157
1.875 1.36689
1.88437 1.40508
1.89375 1.43001
1.90312 1.44693
1.9125 1.46291
1.92188 1.47798
1.93125 1.4833
1.94062 1.50691
1.95 1.48648
1.95937 1.47089
1.96875 1.46065
1.97812 1.44523
1.9875 1.43935
1.99687 1.41943
2.00625 1.4161
2.01562 1.39976
2.025 1.38891
2.03437 1.36564
2.04375 1.35121
2.05313 1.34257
2.0625 1.34863
2.07187 1.34809
2.08125 1.34571
2.09062 1.33957
2.1 1.34042
2.10938 1.34923
2.11875 1.34695
2.12812 1.35308
2.1375 1.36862
2.14688 1.35977
2.15625 1.35783
2.16562 1.34778
2.175 1.33514
2.18437 1.32575
2.19375 1.31162
2.20312 1.28795
2.2125 1.25957
2.22187 1.23809
2.23125 1.2179
2.24063 1.18362
2.25 1.15487
2.25937 1.12519
2.26875 1.0878
2.27812 1.04768
2.2875 1.01851
2.29688 0.978754
2.30625 0.942147
2.31562 0.913357
2.325 0.877695
2.33438 0.847687
2.34375 0.821818
2.35312 0.798081
2.3625 0.778097
2.37187 0.746431
2.38125 0.723806
2.39062 0.698132
2.4 0.689538
2.40937 0.675902
2.41875 0.659877
2.42813 0.654863
2.4375 0.645932
2.44687 0.645787
2.45625 0.639966
2.46562 0.636734
2.475 0.632953
2.48438 0.625453
2.49375 0.620564
2.50312 0.622964
2.5125 0.627354
2.52188 0.633985
2.53125 0.642725
2.54062 0.651698
2.55 0.660834
2.55937 0.671783
2.56875 0.687185
2.57812 0.700702
2.5875 0.722593
2.59687 0.740936
2.60625 0.754073
2.61563 0.766881
2.625 0.789771
2.63437 0.815364
2.64375 0.834662
2.65312 0.850875
2.6625 0.872616
2.67188 0.899699
2.68125 0.922413
2.69062 0.953824
2.7 0.97428
2.70938 0.998788
2.71875 1.02214
2.72812 1.05219
2.7375 1.07138
2.74687 1.10351
2.75625 1.12531
2.76562 1.14305
2.775 1.15752
2.78437 1.16983
2.79375 1.19321
2.80313 1.20742
2.8125 1.22268
2.82187 1.24907
2.83125 1.255
2.84062 1.26087
2.85 1.27082
2.85938 1.27549
2.86875 1.27858
2.87812 1.28837
2.8875 1.28402
2.89688 1.28191
2.90625 1.28529
2.91562 1.28143
2.925 1.27962
2.93437 1.26733
2.94375 1.26287
2.95312 1.24931
2.9625 1.24151
2.97187 1.23447
2.98125 1.2183
2.99063 1.20479
3 1.19698
3.00937 1.18023
3.01875 1.1771
3.02812 1.15967
3.0375 1.14748
3.04688 1.13639
3.05625 1.12269
3.06562 1.10748
3.075 1.09621
3.08438 1.08228
3.09375 1.06773
3.10312 1.06098
3.1125 1.0476
3.12187 1.03445
3.13125 1.02281
3.14062 1.00704
3.15 0.996034
3.15937 0.983256
3.16875 0.976423
3.17813 0.975139
3.1875 0.966999
3.19687 0.963111
3.20625 0.960669
3.21562 0.950866
3.225 0.940713
3.23438 0.932758
3.24375 0.925593
3.25312 0.921309
3.2625 0.918496
3.27188 0.91484
3.28125 0.906767
3.29062 0.895612
3.3 0.891363
3.30937 0.884488
3.31875 0.88126
3.32812 0.878207
3.3375 0.873125
3.34687 0.864622
3.35625 0.858847
3.36563 0.854676
3.375 0.848684
3.38437 0.841109
3.39375 0.836072
3.40312 0.835957
3.4125 0.828807
3.42188 0.828174
3.43125 0.824716
3.44062 0.81658
3.45 0.813364
3.45938 0.816808
3.46875 0.815998
3.47812 0.822426
3.4875 0.831447
3.49687 0.828946
3.50625 0.831514
3.51562 0.831681
3.525 0.841765
3.53437 0.850125
3.54375 0.856691
3.55313 0.86329
3.5625 0.87483
3.57187 0.888645
3.58125 0.901733
3.59062 0.91178
3.6 0.924051
3.60938 0.934704
3.61875 0.948074
3.62812 0.965282
3.6375 0.978959
3.64687 0.996884
3.65625 1.01133
3.66562 1.02541
3.675 1.03975
3.68437 1.05356
3.69375 1.06639
3.70312 1.07207
3.7125 1.08293
3.72187 1.09514
3.73125 1.1085
3.74062 1.11875

0.009375 0
0.01875 0
0.028125 0
0.0375 0
0.046875 0
0.05625 0
0.065625 0
0.075 0
0.084375 0
0.09375 0
0.103125 0
0.1125 0
0.121875 0
0.13125 0
0.140625 0
0.15 0
0.159375 0
0.16875 0
0.178125 0
0.1875 0
0.196875 0
0.20625 0
0.215625 0
0.225 0
0.234375 0
0.24375 0
0.253125 0
0.2625 0
0.271875 0
0.28125 0
0.290625 0
0.3 0
0.309375 0
0.31875 0
0.328125 0
0.3375 0
0.346875 0
0.35625 0
0.365625 0
0.375 0
0.384375 0
0.39375 0
0.403125 0
0.4125 0
0.421875 0
0.43125 0
0.440625 0
0.45 0
0.459375 0
0.46875 0
0.478125 0
0.4875 0
0.496875 0
0.50625 0
0.515625 0
0.525 0
0.534375 0
0.54375 0
0.553125 0
0.5625 0
0.571875 0
0.58125 0
0.590625 0
0.6 0
0.609375 0
0.61875 0
0.628125 0
0.6375 0
0.646875 0
0.65625 0
0.665625 0
0.675 0
0.684375 0
0.69375 0
0.703125 0
0.7125 0
0.721875 0
0.73125 0
0.740625 0
0.75 0
0.759375 0
0.76875 0
0.778125 0
0.7875 0
0.796875 0
0.80625 0
0.815625 0
0.825 0
0.834375 0
0.84375 0
0.853125 0
0.8625 0
0.871875 0
0.88125 0
0.890625 0
0.9 0
0.909375 0
0.91875 0
0.928125 0
0.9375 9.54873e-05
0.946875 0.000468075
0.95625 0.00257033
0.965625 0.00768274
0.975 0.0251704
0.984375 0.0825783
0.99375 0.192398
1.00313 0.40062
1.0125 0.72362
1.02187 1.17595
1.03125 1.72915
1.04062 2.31707
1.05 2.88584
1.05937 3.48104
1.06875 3.9302
1.07812 4.33104
1.0875 4.53279
1.09688 4.62968
1.10625 4.59614
1.11562 4.46761
1.125 4.22953
1.13437 3.98205
1.14375 3.73699
1.15312 3.44267
1.1625 3.15034
1.17188 2.85329
1.18125 2.60917
1.19063 2.41589
1.2 2.17033
1.20937 1.94495
1.21875 1.75998
1.22812 1.58302
1.2375 1.41096
1.24687 1.29475
1.25625 1.16797
1.26562 1.06492
1.275 0.961624
1.28438 0.88785
1.29375 0.815831
1.30312 0.748868
1.3125 0.702173
1.32187 0.657505
1.33125 0.623486
1.34062 0.584367
1.35 0.565206
1.35938 0.530251
1.36875 0.500314
1.37813 0.479855
1.3875 0.455323
1.39687 0.437716
1.40625 0.421231
1.41562 0.418126
1.425 0.424756
1.43437 0.415433
1.44375 0.405587
1.45312 0.396173
1.4625 0.394316
1.47188 0.391476
1.48125 0.400884
1.49062 0.392032
1.5 0.394487
1.50937 0.401573
1.51875 0.411475
1.52812 0.408898
1.5375 0.418483
1.54688 0.419709
1.55625 0.423229
1.56563 0.430451
1.575 0.446735
1.58437 0.456854
1.59375 0.46581
1.60312 0.477969
1.6125 0.484782
1.62187 0.501125
1.63125 0.507095
1.64062 0.516196
1.65 0.529342
1.65938 0.537057
1.66875 0.560468
1.67812 0.576561
1.6875 0.596931
1.69687 0.617209
1.70625 0.636003
1.71562 0.667013
1.725 0.687908
1.73438 0.728654
1.74375 0.760734
1.75313 0.795044
1.7625 0.824161
1.77187 0.869495
1.78125 0.912551
1.79062 0.956283
1.8 0.997716
1.80937 1.0541
1.81875 1.0916
1.82812 1.15243
1.8375 1.19613
1.84687 1.24004
1.85625 1.28323
1.86562 1.33265
1.875 1.36431
1.88437 1.4036
1.89375 1.43206
1.90312 1.4582
1.9125 1.4713
1.92188 1.488
1.93125 1.50004
1.94062 1.51151
1.95 1.51207
1.95937 1.51264
1.96875 1.50272
1.97812 1.49437
1.9875 1.4691
1.99687 1.45932
2.00625 1.43406
2.01562 1.40457
2.025 1.39029
2.03437 1.37351
2.04375 1.35655
2.05313 1.32935
2.0625 1.33024
2.07187 1.31557
2.08125 1.31396
2.09062 1.32121
2.1 1.31829
2.10938 1.31243
2.11875 1.30881
2.12812 1.32429
2.1375 1.32121
2.14688 1.32289
2.15625 1.31972
2.16562 1.31571
2.175 1.31297
2.18437 1.31081
2.19375 1.29658
2.20312 1.27068
2.2125 1.2538
2.22187 1.22746
2.23125 1.19867
2.24063 1.1739
2.25 1.14138
2.25937 1.12734
2.26875 1.09128
2.27812 1.05379
2.2875 1.02678
2.29688 0.986915
2.30625 0.959777
2.31562 0.925056
2.325 0.884364
2.33438 0.858604
2.34375 0.83128
2.35312 0.80329
2.3625 0.777688
2.37187 0.750288
2.38125 0.728273
2.39062 0.712527
2.4 0.701768
2.40937 0.688546
2.41875 0.676225
2.42813 0.669634
2.4375 0.660059
2.44687 0.654329
2.45625 0.64193
2.46562 0.636887
2.475 0.642516
2.48438 0.63883
2.49375 0.640463
2.50312 0.641286
2.5125 0.64545
2.52188 0.64444
2.53125 0.65518
2.54062 0.66223
2.55 0.67409
2.55937 0.68551
2.56875 0.703474
2.57812 0.713417
2.5875 0.721449
2.59687 0.737734
2.60625 0.758695
2.61563 0.775601
2.625 0.796349
2.63437 0.814406
2.64375 0.836188
2.65312 0.856531
2.6625 0.877442
2.67188 0.901908
2.68125 0.923176
2.69062 0.9468
2.7 0.966574
2.70938 0.987361
2.71875 1.01329
2.72812 1.04282
2.7375 1.06226
2.74687 1.08503
2.75625 1.09752
2.76562 1.12911
2.775 1.15156
2.78437 1.17895
2.79375 1.19126
2.80313 1.20394
2.8125 1.23218
2.82187 1.24633
2.83125 1.25991
2.84062 1.26711
2.85 1.26879
2.85938 1.27506
2.86875 1.27911
2.87812 1.28021
2.8875 1.2835
2.89688 1.28173
2.90625 1.28002
2.91562 1.28095
2.925 1.27452
2.93437 1.27044
2.94375 1.25895
2.95312 1.25608
2.9625 1.25537
2.97187 1.23474
2.98125 1.21939
2.99063 1.20881
3 1.19638
3.00937 1.18935
3.01875 1.17184
3.02812 1.16203
3.0375 1.14715
3.04688 1.12926
3.05625 1.11408
3.06562 1.10129
3.075 1.08622
3.08438 1.07643
3.09375 1.06361
3.10312 1.05212
3.1125 1.03584
3.12187 1.02618
3.13125 1.01205
3.14062 1.00443
3.15 0.991942
3.15937 0.978687
3.16875 0.965556
3.17813 0.96075
3.1875 0.955816
3.19687 0.953204
3.20625 0.951321
3.21562 0.941
3.225 0.935678
3.23438 0.932919
3.24375 0.923419
3.25312 0.919975
3.2625 0.911402
3.27188 0.909168
3.28125 0.906696
3.29062 0.899799
3.3 0.895317
3.30937 0.879582
3.31875 0.87446
3.32812 0.870211
3.3375 0.862172
3.34687 0.859934
3.35625 0.852381
3.36563 0.850877
3.375 0.84645
3.38437 0.840873
3.39375 0.840825
3.40312 0.835166
3.4125 0.830905
3.42188 0.829406
3.43125 0.827926
3.44062 0.823797
3.45 0.823284
3.45938 0.826632
3.46875 0.829272
3.47812 0.829263
3.4875 0.832467
3.49687 0.835853
3.50625 0.839065
3.51562 0.852256
3.525 0.856731
3.53437 0.862504
3.54375 0.871421
3.55313 0.877154
3.5625 0.890043
3.57187 0.900679
3.58125 0.910276
3.59062 0.926421
3.6 0.937074
3.60938 0.948841
3.61875 0.965134
3.62812 0.974546
3.6375 0.987673
3.64687 1.00423
3.65625 1.01713
3.66562 1.03441
3.675 1.04499
3.68437 1.05593
3.69375 1.06974
3.70312 1.07961
3.7125 1.08791
3.72187 1.10585
3.73125 1.11036
3.74062 1.11552

