0 0 0.72703363761765 1.0880942617048 -3.2802123522028 -2.192118090498 
1 0.002 0.72703683985424 1.0880990542413 -3.2802227793501 -2.1921237251088 
2 0.004 0.72704988493293 1.0881185777881 -3.2802423702532 -2.1921237924651 
3 0.006 0.72706848937538 1.088146421599 -3.2802703179271 -2.1921238963281 
4 0.008 0.72709181929867 1.0881813376666 -3.2803053747835 -2.1921240371169 
5 0.01 0.72711874297879 1.0882216322284 -3.2803458475808 -2.1921242153524 
6 0.012 0.72714782656765 1.0882651593563 -3.280389591091 -2.1921244317347 
7 0.014 0.72717732895935 1.0883093132736 -3.2804340002085 -2.1921246869349 
8 0.016 0.72720519610166 1.0883510198413 -3.2804760016628 -2.1921249818215 
9 0.018 0.72722905439817 1.0883867266837 -3.2805120440121 -2.1921253173284 
10 0.02 0.72724620353946 1.0884123924594 -3.2805380868683 -2.1921256944089 
11 0.022 0.72725360908474 1.0884234757586 -3.2805495899919 -2.1921261142333 
12 0.024 0.72724789428706 1.0884149228688 -3.2805415006483 -2.1921265777795 
13 0.026 0.72722533187775 1.0883811554792 -3.280508241731 -2.1921270862518 
14 0.028 0.72718183573569 1.0883160582125 -3.2804436991169 -2.1921276409044 
15 0.03 0.72711295227656 1.0882129657382 -3.2803412086513 -2.192128242913 
16 0.032 0.72701385277235 1.0880646512775 -3.28019354477 -2.1921288934924 
17 0.034 0.72687932596274 1.0878633155456 -3.2799929091457 -2.1921295936001 
18 0.036 0.72670377170211 1.0876005772434 -3.2797309213245 -2.1921303440811 
19 0.038 0.7264811964549 1.0872674663159 -3.2793986121366 -2.1921311458207 
20 0.04 0.72620520989978 1.0868544188703 -3.2789864183658 -2.1921319994955 
21 0.042 0.72586902452127 1.0863512765639 -3.2784841818742 -2.1921329053102 
22 0.044 0.72546545898616 1.0857472916583 -3.2778811549928 -2.1921338633345 
23 0.046 0.72498694432168 1.0850311362652 -3.2771660090271 -2.1921348727619 
24 0.048 0.7244255353033 1.0841909193897 -3.2763268520595 -2.1921359326697 
25 0.05 0.72377292765987 1.0832142126801 -3.2753512537052 -2.1921370410251 
26 0.052 0.72302048184569 1.0820880860055 -3.2742262816527 -2.1921381956471 
27 0.054 0.72215925555903 1.0807991561238 -3.2729385488398 -2.192139392716 
28 0.056 0.72118004469833 1.0793336479776 -3.2714742756493 -2.1921406276718 
29 0.058 0.72007343531838 1.0776774724528 -3.2698193672192 -2.1921418947663 
30 0.06 0.71882986894459 1.0758163241299 -3.2679595107266 -2.1921431865967 
31 0.062 0.71743972090491 1.0737357985165 -3.2658802927066 -2.1921444941901 
32 0.064 0.71589339493912 1.071421533642 -3.2635673406741 -2.1921458070321 
33 0.066 0.7141814344923 1.0688593766219 -3.26100648912 -2.1921471124981 
34 0.068 0.71229465203484 1.0660355772008 -3.2581839725509 -2.1921483953501 
35 0.07 0.71022428048189 1.0629370143699 -3.2550866528101 -2.1921496384403 
36 0.072 0.70796214431521 1.0595514524718 -3.2517022754442 -2.1921508229724 
37 0.074 0.70550085213797 1.0558678293822 -3.2480197564237 -2.1921519270416 
38 0.076 0.70283401147907 1.0518765779906 -3.2440295044096 -2.192152926419 
39 0.078 0.69995646368223 1.0475699777406 -3.2397237733121 -2.1921537955715 
40 0.08 0.69686453689851 1.0429425332636 -3.2350970394933 -2.1921545062296 
41 0.082 0.69355631462053 1.0379913762733 -3.2301464055515 -2.1921550292782 
42 0.084 0.69003191569016 1.0327166846309 -3.224872019502 -2.1921553348711 
43 0.086 0.68629377725494 1.0271221058241 -3.2192774989285 -2.1921553931044 
44 0.088 0.68234693497189 1.0212151763262 -3.2133703511592 -2.192155174833 
45 0.09 0.67819928912782 1.0150077198771 -3.207162373587 -2.1921546537099 
46 0.092 0.67386184312149 1.0085162044014 -3.2006700119173 -2.1921538075159 
47 0.094 0.66934890427237 1.0017620425428 -3.193914660099 -2.1921526175562 
48 0.096 0.66467822931657 0.99477180941635 -3.1869228826282 -2.1921510732119 
49 0.098 0.65987110157225 0.98757735809631 -3.179726530276 -2.1921491721797 
50 0.1 0.65495232527537 0.98021581113848 -3.1723627321327 -2.1921469209943 
51 0.102 0.64995012019451 0.97272940285868 -3.1648737405609 -2.1921443377022 
52 0.104 0.64489590683906 0.96516515787062 -3.157306608969 -2.1921414510984 
53 0.106 0.63982397711865 0.95757439818771 -3.1497127020429 -2.1921383038552 
54 0.108 0.63477104847537 0.95001207592767 -3.142147024656 -2.1921349487283 
55 0.11 0.62977570361093 0.94253593479608 -3.1346673829476 -2.1921314481515 
56 0.112 0.62487772652818 0.93520551639183 -3.1273333932618 -2.19212787687 
57 0.114 0.62011735607997 0.92808104305212 -3.1202053548584 -2.1921243118062 
58 0.116 0.61553448171647 0.92122221419053 -3.1133430500726 -2.1921208358821 
59 0.118 0.61116780847235 0.91468695659882 -3.1068044850128 -2.1921175284139 
60 0.12 0.60705402820057 0.90853018409748 -3.1006446530253 -2.1921144689278 
61 0.122 0.60322703474582 0.90280262294728 -3.0949143494524 -2.1921117265051 
62 0.124 0.59971721791895 0.89754975519627 -3.0896591160829 -2.1921093608866 
63 0.126 0.59655086355282 0.8928109207902 -3.0849183372369 -2.1921074164467 
64 0.128 0.59374968956849 0.88861862323933 -3.080724549855 -2.1921059266157 
65 0.13 0.59133052613927 0.88499805094492 -3.0771029562597 -2.1921049053148 
66 0.132 0.58930515759954 0.88196684059661 -3.0740711927005 -2.1921043521039 
67 0.134 0.58768033192221 0.87953509135655 -3.0716393448891 -2.1921042535325 
68 0.136 0.58645789971883 0.87770557289001 -3.0698101534559 -2.1921045805659 
69 0.138 0.58563508336661 0.87647412814665 -3.0685794267022 -2.1921052985556 
70 0.14 0.58520486111241 0.87583024821892 -3.0679366084465 -2.1921063602275 
71 0.142 0.58515642235692 0.87575775373013 -3.0678654697487 -2.1921077160186 
72 0.144 0.58547567410792 0.87623555280341 -3.0683448652092 -2.1921093124058 
73 0.146 0.58614577230004 0.87723843624634 -3.0693495386581 -2.1921111024117 
74 0.148 0.58714765026144 0.87873786846561 -3.0708509044309 -2.1921130359652 
75 0.15 0.5884605273852 0.88070274875556 -3.0728178149269 -2.1921150661714 
76 0.152 0.59006238511229 0.88310012366468 -3.0752172761576 -2.1921171524929 
77 0.154 0.59193040376701 0.88589584077292 -3.0780151004354 -2.1921192596625 
78 0.156 0.59404133061152 0.88905509953008 -3.0811764564513 -2.1921213569213 
79 0.158 0.59637179394361 0.89254292134129 -3.0846663505933 -2.192123429252 
80 0.16 0.59889858123502 0.89632456583485 -3.0884500185561 -2.1921254527212 
81 0.162 0.60159885592546 0.90036585532087 -3.0924932689086 -2.1921274135878 
82 0.164 0.60445032775752 0.90463342971818 -3.0967627339751 -2.1921293042569 
83 0.166 0.60743139067982 0.90909495294311 -3.1012260631087 -2.1921311101656 
84 0.168 0.61052122688464 0.91371926861451 -3.1058520990252 -2.1921328304107 
85 0.17 0.61369987496291 0.91847650205598 -3.1106109667657 -2.1921344647097 
86 0.172 0.61694828055734 0.9233381361044 -3.1154741483132 -2.1921360122088 
87 0.174 0.62024834564718 0.92827708487061 -3.1204145519123 -2.1921374670417 
88 0.176 0.6235829570599 0.93326773641059 -3.1254065681788 -2.1921388317682 
89 0.178 0.62693600410755 0.93828597912042 -3.1304260880577 -2.1921401089372 
90 0.18 0.63029240258861 0.94330923765795 -3.1354505325214 -2.1921412948635 
91 0.182 0.6336381085394 0.9483164935235 -3.1404588873203 -2.1921423937968 
92 0.184 0.63696012764163 0.95328829913933 -3.1454317023459 -2.1921434032066 
93 0.186 0.64024653407022 0.9582068060578 -3.1503511319455 -2.1921443258877 
94 0.188 0.64348647037528 0.96305576478462 -3.1552009213695 -2.1921451565849 
95 0.19 0.6466701533184 0.96782053351369 -3.1599664389723 -2.1921459054586 
96 0.192 0.6497888880669 0.9724880993704 -3.1646346611321 -2.1921465617617 
97 0.194 0.65283505899614 0.97704706464625 -3.1691941986094 -2.1921471339631 
98 0.196 0.65580212098897 0.98148763377742 -3.1736352561008 -2.1921476223234 
99 0.198 0.65868459735598 0.98580161023209 -3.1779496369714 -2.1921480267393 
100 0.2 0.66147805495422 0.9899823592727 -3.1821307161892 -2.1921483569165 
101 0.202 0.66417907525951 0.99402476466204 -3.1861733766597 -2.1921486119976 
102 0.204 0.6667852261728 0.99792518646807 -3.1900739772708 -2.1921487908027 
103 0.206 0.66929502238341 1.0016814017427 -3.1938303076262 -2.1921489058835 
104 0.208 0.67170789237915 1.0052925551485 -3.1974415182171 -2.1921489630686 
105 0.21 0.67402410977307 1.0087590561806 -3.200908014197 -2.1921489580163 
106 0.212 0.67624473903291 1.0120824979445 -3.2042313979013 -2.1921488999568 
107 0.214 0.6783715999189 1.0152656039327 -3.2074143959445 -2.1921487920119 
108 0.216 0.68040720144737 1.0183121291932 -3.2104607762424 -2.1921486470492 
109 0.218 0.68235469159503 1.0212267850561 -3.2133752468444 -2.1921484617883 
110 0.22 0.68421780977745 1.0240151680115 -3.2161634060773 -2.1921482380658 
111 0.222 0.68600083062975 1.0266836755709 -3.2188316598129 -2.192147984242 
112 0.224 0.6877085240144 1.0292394464134 -3.2213871480337 -2.1921477016203 
113 0.226 0.68934610513618 1.0316902857275 -3.223837687102 -2.1921474013746 
114 0.228 0.69091917546916 1.0340445768001 -3.2261916556869 -2.1921470788868 
115 0.23 0.69243366771242 1.0363111986372 -3.2284579432452 -2.192146744608 
116 0.232 0.69389578291262 1.0384994318591 -3.2306458368877 -2.1921464050286 
117 0.234 0.69531190543831 1.0406188314499 -3.2327648971163 -2.1921460656664 
118 0.236 0.69668851620542 1.0426790968885 -3.2348248387664 -2.1921457418779 
119 0.238 0.69803208171878 1.0446899060859 -3.2368353400864 -2.1921454340005 
120 0.24 0.69934892993032 1.0466607295917 -3.238805891485 -2.1921451618933 
121 0.242 0.70064512919394 1.0486006494355 -3.2407455806066 -2.192144931171 
122 0.244 0.70192633245787 1.050518125942 -3.2426628924801 -2.1921447665381 
123 0.246 0.70319764140821 1.0524207944049 -3.2445654656595 -2.1921446712546 
124 0.248 0.70446348211374 1.0543152789743 -3.2464599403775 -2.1921446614032 
125 0.25 0.70572746280521 1.0562069798065 -3.2483517303646 -2.1921447505582 
126 0.252 0.70699227142764 1.058099919738 -3.2502448581941 -2.1921449384561 
127 0.254 0.7082596080431 1.0599966431186 -3.2521418771532 -2.1921452340347 
128 0.256 0.70953015384533 1.0618981694374 -3.2540437991471 -2.1921456297097 
129 0.258 0.71080357933292 1.0638040055557 -3.2559501316479 -2.1921461260922 
130 0.26 0.71207859861604 1.0657122269828 -3.2578589333809 -2.1921467063981 
131 0.262 0.7133530728619 1.0676196326953 -3.2597669974367 -2.1921473647414 
132 0.264 0.71462413387008 1.0695219300826 -3.2616700045396 -2.192148074457 
133 0.266 0.71588836892174 1.0714140115957 -3.2635628280925 -2.1921488164968 
134 0.268 0.71714205866793 1.0732903107767 -3.2654398784858 -2.1921495677092 
135 0.27 0.7183814388017 1.0751451938823 -3.2672954858332 -2.1921502919509 
136 0.272 0.71960301535108 1.0769734317585 -3.2691243843649 -2.1921509526063 
137 0.274 0.72080390352993 1.0787707069722 -3.270922226606 -2.1921515196338 
138 0.276 0.72198219347266 1.080534161177 -3.2726861092973 -2.1921519481203 
139 0.278 0.72313733012212 1.0822629636625 -3.2744151735022 -2.1921522098397 
140 0.28 0.72427044578019 1.0839588090562 -3.2761110805486 -2.1921522714925 
141 0.282 0.72538462551356 1.0856263145355 -3.2777784311053 -2.1921521165698 
142 0.284 0.72648504894163 1.0872732320309 -3.2794249736804 -2.1921517416495 
143 0.286 0.72757894793553 1.088910384917 -3.2810615636827 -2.1921511787657 
144 0.288 0.72867535247586 1.0905512876581 -3.2827017592118 -2.1921504715537 
145 0.29 0.72978462143675 1.0922114435692 -3.2843611275352 -2.192149683966 
146 0.292 0.73091774319879 1.0939072980982 -3.2860562064796 -2.1921489083814 
147 0.294 0.7320854505791 1.0956549142113 -3.2878031614962 -2.1921482472849 
148 0.296 0.73329724138532 1.0974685065328 -3.2896163000918 -2.192147793559 
149 0.298 0.73456040896047 1.0993589904375 -3.2915066260667 -2.1921476356292 
150 0.3 0.73587921199087 1.1013327395674 -3.2934805696813 -2.1921478301139 
151 0.302 0.737254242431 1.1033906398545 -3.2955390570538 -2.1921484171993 
152 0.304 0.73868213004171 1.1055276473259 -3.2976770325126 -2.1921493851867 
153 0.306 0.74015563620185 1.1077329285048 -3.2998836165994 -2.1921506880946 
154 0.308 0.74166407699208 1.1099904936064 -3.3021427580523 -2.1921522644459 
155 0.31 0.7431940182589 1.1122802367861 -3.3044342550906 -2.1921540183044 
156 0.312 0.74473017623777 1.1145792840315 -3.3067351291306 -2.1921558450991 
157 0.314 0.74625641267823 1.116863482488 -3.3090211386331 -2.192157656145 
158 0.316 0.74775668457173 1.1191088218421 -3.3112681916009 -2.1921593697588 
159 0.318 0.74921587376011 1.1212926759315 -3.3134535979166 -2.1921609219851 
160 0.32 0.75062042943985 1.1233947643306 -3.3155570315421 -2.1921622672115 
161 0.322 0.7519588168983 1.125397823939 -3.317561213345 -2.192163389406 
162 0.324 0.7532217673011 1.1272879828189 -3.3194522662901 -2.1921642834712 
163 0.326 0.7544023574876 1.1290548796183 -3.321219833232 -2.1921649536137 
164 0.328 0.75549598369807 1.1306916242508 -3.3228570397168 -2.192165415466 
165 0.33 0.75650026472586 1.1321946529512 -3.3243603363848 -2.1921656834336 
166 0.332 0.75741488466379 1.1335634929259 -3.3257292624893 -2.1921657695634 
167 0.334 0.7582414233717 1.1348005086272 -3.3269662047957 -2.1921656961684 
168 0.336 0.75898319226797 1.1359106559956 -3.3280761301176 -2.192165474122 
169 0.338 0.7596450648953 1.1369012288805 -3.3290663541495 -2.1921651252691 
170 0.34 0.76023328794157 1.1377815762098 -3.3299462489304 -2.1921646727205 
171 0.342 0.76075525137037 1.1385627579631 -3.3307268851531 -2.19216412719 
172 0.344 0.76121923953364 1.1392571726804 -3.3314206974758 -2.1921635247954 
173 0.346 0.76163415515187 1.1398781443658 -3.3320410372151 -2.1921628928493 
174 0.348 0.76200922269972 1.1404394785675 -3.3326017398277 -2.1921622612602 
175 0.35 0.7623536593673 1.1409549699315 -3.3331166253579 -2.1921616554265 
176 0.352 0.76267636890935 1.1414379440096 -3.3335990462811 -2.1921611022715 
177 0.354 0.76298569557198 1.141900888981 -3.334061514922 -2.192160625941 
178 0.356 0.76328921509628 1.1423551428637 -3.3345153630448 -2.1921602201811 
179 0.358 0.76359362067267 1.1428107228311 -3.3349706167958 -2.1921598939647 
180 0.36 0.76390472541643 1.1432763289172 -3.3354359640702 -2.1921596351531 
181 0.362 0.76422756995933 1.1437595050405 -3.3359189298502 -2.1921594248097 
182 0.364 0.76456659886042 1.1442669030242 -3.3364261387389 -2.1921592357146 
183 0.366 0.76492589912522 1.1448046395692 -3.3369636783953 -2.1921590388262 
184 0.368 0.76530948786217 1.1453787267667 -3.3375375339361 -2.1921588071694 
185 0.37 0.76572156872381 1.1459954558941 -3.338153981559 -2.192158525665 
186 0.372 0.76616671904851 1.1466616774949 -3.3388198494043 -2.1921581719094 
187 0.374 0.76665000196798 1.1473849691615 -3.3395427270712 -2.1921577579097 
188 0.376 0.76717693713684 1.1481735917284 -3.3403308907611 -2.1921572990327 
189 0.378 0.76775333589211 1.1490362425683 -3.3411930706942 -2.1921568281259 
190 0.38 0.768385020052 1.14998163474 -3.3421380154404 -2.1921563807004 
191 0.382 0.76907740392759 1.1510178714187 -3.3431738839314 -2.1921560125127 
192 0.384 0.7698350247739 1.1521517431582 -3.3443075102218 -2.1921557670636 
193 0.386 0.7706610787376 1.1533880333809 -3.345543728135 -2.1921556947541 
194 0.388 0.77155698915392 1.154728872281 -3.3468847020665 -2.1921558297855 
195 0.39 0.77252208755537 1.1561732594156 -3.3483294463595 -2.1921561869439 
196 0.392 0.7735534393533 1.1577168028159 -3.3498735722116 -2.1921567693957 
197 0.394 0.77464586049546 1.1593517439172 -3.3515093003987 -2.1921575564815 
198 0.396 0.77579214371077 1.1610672961617 -3.3532258134267 -2.192158517265 
199 0.398 0.77698343071962 1.1628502020567 -3.3550097894277 -2.1921595873709 
200 0.4 0.77820972240912 1.1646854967136 -3.3568462099662 -2.1921607132526 
201 0.402 0.77946048909862 1.1665574211848 -3.3587192495276 -2.1921618283428 
202 0.404 0.78072526355179 1.1684503099779 -3.3606131919134 -2.1921628819356 
203 0.406 0.78199417413782 1.1703493889968 -3.3625132230723 -2.1921638340755 
204 0.408 0.78325838322811 1.1722414316556 -3.3644060923501 -2.1921646606945 
205 0.41 0.7845103526455 1.1741151561553 -3.366280494632 -2.1921653384768 
206 0.412 0.78574394599073 1.175961378628 -3.3681272672915 -2.1921658886635 
207 0.414 0.78695434713032 1.1777728911444 -3.3699392211683 -2.1921663300239 
208 0.416 0.788137817458 1.1795440984253 -3.3717108004423 -2.192166702017 
209 0.418 0.78929136189241 1.1812705179674 -3.3734375607146 -2.1921670427473 
210 0.42 0.79041236891312 1.1829482413125 -3.3751156194842 -2.1921673781716 
211 0.422 0.79149826426138 1.1845734157696 -3.3767411664422 -2.1921677506727 
212 0.424 0.79254625433699 1.186141860376 -3.3783100240461 -2.1921681636701 
213 0.426 0.79355320738584 1.1876488880808 -3.3798175043684 -2.1921686162876 
214 0.428 0.79451568019509 1.1890893456974 -3.3812584318256 -2.1921690861282 
215 0.43 0.79543009627011 1.1904578805664 -3.3826274218714 -2.192169541305 
216 0.432 0.79629303810525 1.1917493779751 -3.3839193270974 -2.1921699491223 
217 0.434 0.79710161087447 1.1929595054642 -3.3851297777471 -2.192170272283 
218 0.436 0.79785380715167 1.1940852586763 -3.3862557251106 -2.1921704664343 
219 0.438 0.79854884442983 1.1951254664946 -3.3872959805303 -2.1921705140357 
220 0.44 0.79918741283329 1.1960811617741 -3.3882515553356 -2.1921703935615 
221 0.442 0.79977179662032 1.1969557631851 -3.3891258811512 -2.192170117966 
222 0.444 0.80030584579449 1.1977550327262 -3.3899247337608 -2.1921697010346 
223 0.446 0.80079480915112 1.1984868258579 -3.3906559961671 -2.1921691703092 
224 0.448 0.80124507851322 1.1991607087208 -3.3913292673685 -2.1921685586477 
225 0.45 0.80166384603061 1.1997874452418 -3.3919553587668 -2.192167913525 
226 0.452 0.80205872208456 1.200378425282 -3.3925456866528 -2.1921672613708 
227 0.454 0.80243737108296 1.20094511956 -3.393111769251 -2.192166649691 
228 0.456 0.80280718430405 1.2014985900226 -3.3936646803086 -2.192166090286 
229 0.458 0.80317506192502 1.2020491636243 -3.3942147636 -2.1921655999758 
230 0.46 0.8035472849294 1.2026062406207 -3.3947714158267 -2.192165175206 
231 0.462 0.80392948805058 1.2031782540757 -3.3953430624222 -2.1921648083466 
232 0.464 0.80432674271061 1.2037727939892 -3.3959372818671 -2.1921644878779 
233 0.466 0.80474369780487 1.2043968179985 -3.396561004027 -2.1921641860285 
234 0.468 0.80518476216312 1.2050569244536 -3.397220809635 -2.1921638851814 
235 0.47 0.80565423489934 1.2057595475014 -3.3979231324226 -2.1921635849212 
236 0.472 0.8061563699977 1.2065110537466 -3.3986743316596 -2.1921632779131 
237 0.474 0.80669535422584 1.2073177091961 -3.3994806899951 -2.192162980799 
238 0.476 0.80727514887727 1.2081854424075 -3.40034816547 -2.1921627230625 
239 0.478 0.80789921147576 1.2091194279857 -3.4012819595966 -2.192162531611 
240 0.48 0.80857018011062 1.210123614152 -3.4022860592095 -2.1921624450574 
241 0.482 0.80928950679792 1.2112001740253 -3.4033626661647 -2.1921624921394 
242 0.484 0.81005713922662 1.2123490293155 -3.4045117193685 -2.192162690053 
243 0.486 0.8108713320198 1.213567567854 -3.4057306277814 -2.1921630599275 
244 0.488 0.81172857245735 1.2148505324277 -3.4070141201352 -2.1921635877074 
245 0.49 0.81262363980734 1.2161901095765 -3.4083543597372 -2.1921642501606 
246 0.492 0.81354979799849 1.2175762179504 -3.4097412459518 -2.1921650280014 
247 0.494 0.81449913168036 1.2189970112649 -3.4111628773567 -2.1921658660919 
248 0.496 0.81546291520422 1.2204394305252 -3.4126061732566 -2.1921667427314 
249 0.498 0.81643204729767 1.2218898545705 -3.4140574640804 -2.1921676095099 
250 0.5 0.81739748185322 1.2233347448006 -3.4155031756478 -2.1921684308472 
251 0.502 0.81835056746829 1.2247611533394 -3.4169303414417 -2.1921691881023 
252 0.504 0.81928333631003 1.2261571553559 -3.4183270070316 -2.1921698516757 
253 0.506 0.82018867197199 1.2275121002824 -3.4196825363906 -2.1921704361082 
254 0.508 0.8210603129145 1.2288166169633 -3.420987561588 -2.1921709446248 
255 0.51 0.821892745339 1.2300624533283 -3.4222338657075 -2.1921714123792 
256 0.512 0.82268100448754 1.2312421790134 -3.4234140408674 -2.192171861854 
257 0.514 0.82342041855772 1.2323488020982 -3.4245211114523 -2.1921723093541 
258 0.516 0.82410642112792 1.2333754883773 -3.4255482664874 -2.1921727781101 
259 0.518 0.82473450925512 1.2343154986487 -3.4264887400294 -2.1921732413806 
260 0.52 0.8253003770294 1.2351623885947 -3.4273360511874 -2.1921736625927 
261 0.522 0.82580026901315 1.235910537746 -3.4280845134332 -2.1921739756872 
262 0.524 0.82623158670988 1.2365560571368 -3.4287301721652 -2.1921741150285 
263 0.526 0.82659359419532 1.2370978453666 -3.4292718496981 -2.1921740043315 
264 0.528 0.82688817589019 1.2375387227005 -3.4297122876322 -2.1921735649317 
265 0.53 0.82712051130989 1.2378864409131 -3.4300591990233 -2.1921727581102 
266 0.532 0.82729951110286 1.2381543358735 -3.4303258940724 -2.1921715581989 
267 0.534 0.82743799342195 1.2383615915065 -3.430531573508 -2.1921699820015 
268 0.536 0.82755247485513 1.2385329268947 -3.4307010095299 -2.1921680826352 
269 0.538 0.8276626590214 1.2386978309003 -3.4308637653911 -2.1921659344908 
270 0.54 0.82779062025203 1.2388893404448 -3.4310529900943 -2.1921636496496 
271 0.542 0.82795972583351 1.2391424275143 -3.4313037655373 -2.192161338023 
272 0.544 0.82819343540674 1.2394922023148 -3.4316513373306 -2.1921591350158 
273 0.546 0.8285140268657 1.239972006424 -3.4321291736345 -2.1921571672105 
274 0.548 0.82894131671072 1.2406114976448 -3.4327670432602 -2.1921555456154 
275 0.55 0.82949144980306 1.2414348387255 -3.433589221825 -2.1921543830995 
276 0.552 0.83017583909739 1.242459110541 -3.4346128637422 -2.1921537532012 
277 0.554 0.8310003477029 1.2436930879472 -3.4358468102718 -2.1921537223246 
278 0.556 0.83196472073161 1.2451363894733 -3.437290690881 -2.1921543014077 
279 0.558 0.83306238158015 1.2467791724325 -3.4389346488644 -2.192155476432 
280 0.56 0.8342806086341 1.2486023973814 -3.4407595834828 -2.1921571861013 
281 0.562 0.83560113963888 1.2505787326352 -3.4427380627061 -2.1921593300709 
282 0.564 0.83700121417633 1.2526741144598 -3.4448358876929 -2.192161773233 
283 0.566 0.83845492159504 1.2548497644142 -3.4470141168867 -2.1921643524725 
284 0.568 0.83993473630549 1.2570644871059 -3.4492314109884 -2.1921669238825 
285 0.57 0.8414131094968 1.2592770523888 -3.4514463868098 -2.192169334421 
286 0.572 0.84286396580521 1.2614484353098 -3.4536198949498 -2.19217145964 
287 0.574 0.84426392258047 1.263543640889 -3.455716871332 -2.192173230443 
288 0.576 0.84559314837326 1.2655329889505 -3.4577075820106 -2.1921745930601 
289 0.578 0.84683581611332 1.2673927923588 -3.4595683449017 -2.1921755525429 
290 0.58 0.84798020986374 1.2691055167893 -3.4612816666135 -2.1921761498242 
291 0.582 0.84901846387739 1.2706593901949 -3.4628358127073 -2.1921764225124 
292 0.584 0.84994606456713 1.2720476574434 -3.4642241145656 -2.1921764571222 
293 0.586 0.85076126147272 1.2732676987582 -3.4654440082954 -2.1921763095372 
294 0.588 0.85146441218864 1.2743200493229 -3.4664961023675 -2.1921760530447 
295 0.59 0.85205736918449 1.2752074815835 -3.4673832075633 -2.1921757259798 
296 0.592 0.85254299493629 1.2759342795837 -3.4681096593268 -2.1921753797431 
297 0.594 0.8529248109558 1.276505713694 -3.4686807415344 -2.1921750278404 
298 0.596 0.85320677195403 1.2769277026204 -3.4691023825918 -2.1921746799714 
299 0.598 0.85339317265596 1.2772066739412 -3.4693810122704 -2.1921743383292 
300 0.6 0.85348866860568 1.2773495952443 -3.4695235851505 -2.1921739899061 
301 0.602 0.85349838185025 1.2773641322962 -3.469537741418 -2.1921736091218 
302 0.604 0.8534280684226 1.2772588997 -3.4694320876209 -2.1921731879209 
303 0.606 0.85328431164785 1.2770437502027 -3.4692164339268 -2.1921726837241 
304 0.608 0.85307473101492 1.276730087296 -3.4689021657234 -2.1921720784274 
305 0.61 0.85280822627081 1.2763312305337 -3.4685025869193 -2.1921713563856 
306 0.612 0.85249517477359 1.2758627108943 -3.4680331917496 -2.1921704808554 
307 0.614 0.8521475485863 1.2753424460261 -3.4675119132001 -2.192169467174 
308 0.616 0.85177892018977 1.2747907487975 -3.4669590613561 -2.1921683125585 
309 0.618 0.85140430505323 1.2742300916844 -3.4663971462368 -2.1921670545524 
310 0.62 0.85103981880074 1.2736845936781 -3.4658503333602 -2.1921657396821 
311 0.622 0.85070210604906 1.2731791654721 -3.4653436046913 -2.1921644392192 
312 0.624 0.8504075759489 1.272738365356 -3.4649016115221 -2.1921632461662 
313 0.626 0.85017147909859 1.272385017705 -3.4645472755932 -2.1921622578882 
314 0.628 0.85000694166861 1.2721387674297 -3.4643003200231 -2.1921615525934 
315 0.63 0.84992410203106 1.272014787837 -3.4641759883602 -2.1921612005231 
316 0.632 0.84992945805069 1.2720228037718 -3.4641840447273 -2.1921612409555 
317 0.634 0.85002555041602 1.2721666176834 -3.4643282787742 -2.1921616610908 
318 0.636 0.85021106812384 1.2724442674961 -3.4646066687954 -2.1921624012992 
319 0.638 0.85048141060127 1.2728488678931 -3.4650122360625 -2.1921633681694 
320 0.64 0.85082963326371 1.2733700254589 -3.4655344763694 -2.1921644509105 
321 0.642 0.85124759266958 1.2739955525426 -3.4661610640176 -2.1921655114749 
322 0.644 0.85172718511456 1.2747133209654 -3.4668797516426 -2.1921664306772 
323 0.646 0.85226156982837 1.2755130926823 -3.4676802073837 -2.1921671147013 
324 0.648 0.85284616668427 1.2763880129768 -3.4685555018258 -2.192167488849 
325 0.65 0.85347933515187 1.2773356265955 -3.4695031655137 -2.1921675389182 
326 0.652 0.85416273065993 1.278358411089 -3.4705256511906 -2.1921672401015 
327 0.654 0.85490135332473 1.2794638497394 -3.4716304719873 -2.1921666222479 
328 0.656 0.85570329842007 1.2806640581084 -3.4728297870881 -2.1921657289797 
329 0.658 0.85657927455676 1.2819750629346 -3.4741397083065 -2.1921646453719 
330 0.66 0.85754193915628 1.2834158075886 -3.475579241705 -2.1921634341163 
331 0.662 0.85860508575268 1.2850069357717 -3.4771691255485 -2.1921621897768 
332 0.664 0.85978272252724 1.286769412431 -3.4789304150444 -2.1921610026134 
333 0.666 0.8610880238197 1.288722954568 -3.4808829348579 -2.1921599802899 
334 0.668 0.86253224749472 1.2908844109465 -3.4830436459184 -2.1921592349719 
335 0.67 0.86412363363996 1.2932661138598 -3.4854249823587 -2.1921588684989 
336 0.672 0.86586631141927 1.2958742431038 -3.4880332208742 -2.1921589777704 
337 0.674 0.86775933978459 1.2987073902857 -3.4908670199066 -2.1921596296208 
338 0.676 0.86979593636441 1.3017554047616 -3.493916289977 -2.1921608852154 
339 0.678 0.87196300778274 1.3049986907019 -3.4971614309482 -2.1921627402464 
340 0.68 0.87424106873403 1.3084080859769 -3.5005732570686 -2.1921651710917 
341 0.682 0.87660454692301 1.3119453185368 -3.5041134298689 -2.192168111332 
342 0.684 0.87902252556759 1.3155641176569 -3.507735577063 -2.1921714594061 
343 0.686 0.88145983209421 1.3192118433032 -3.5113869119034 -2.1921750686002 
344 0.688 0.88387843287519 1.322831573526 -3.5150103587086 -2.1921787851826 
345 0.69 0.88623905351441 1.3263645294151 -3.5185469810729 -2.1921824516578 
346 0.692 0.88850283351183 1.3297525515059 -3.5219384507484 -2.1921858992425 
347 0.694 0.89063300143446 1.3329406068766 -3.5251295890929 -2.1921889822163 
348 0.696 0.89259646815944 1.3358791736305 -3.5280707329252 -2.1921915592947 
349 0.698 0.89436520131358 1.3385262979119 -3.5307198285466 -2.1921935306347 
350 0.7 0.89591733129747 1.3408492492053 -3.5330440783915 -2.1921948291862 
351 0.702 0.89723791854978 1.3428256686404 -3.5350210845256 -2.1921954158852 
352 0.704 0.89831936638594 1.3444441868546 -3.5366394830076 -2.192195296153 
353 0.706 0.89916137507275 1.3457043552609 -3.5378988658551 -2.1921945105942 
354 0.708 0.89977046006581 1.3466159250309 -3.5388090950586 -2.1921931700276 
355 0.71 0.90015902899468 1.3471974656914 -3.539388861157 -2.1921913954657 
356 0.712 0.90034400269432 1.3474743013297 -3.5396636795344 -2.1921893782047 
357 0.714 0.90034510078715 1.3474759447591 -3.5396632385615 -2.1921872938024 
358 0.716 0.90018293632428 1.3472332459178 -3.5394185980979 -2.1921853521801 
359 0.718 0.89987710395099 1.3467755305753 -3.5389592539036 -2.1921837233283 
360 0.72 0.89944441521043 1.3461279592507 -3.5383105035689 -2.1921825443182 
361 0.722 0.89889754360305 1.3453094993789 -3.5374914001166 -2.1921819007377 
362 0.724 0.89824424780069 1.3443317627558 -3.5365135755319 -2.1921818127761 
363 0.726 0.89748728153263 1.3431988706721 -3.5353810719935 -2.1921822013213 
364 0.728 0.8966249998545 1.3419083612687 -3.5340913049903 -2.1921829437216 
365 0.73 0.89565259657861 1.3404530415011 -3.532636925848 -2.1921838843469 
366 0.732 0.89456383374315 1.3388235755007 -3.5310083759372 -2.1921848004364 
367 0.734 0.89335306588859 1.3370115141508 -3.5291969933151 -2.1921854791643 
368 0.736 0.89201735738526 1.3350124639246 -3.5271981875502 -2.1921857236257 
369 0.738 0.89055850905609 1.3328291199725 -3.5250144689858 -2.1921853490133 
370 0.74 0.88898486353496 1.3304739680608 -3.522658172763 -2.1921842047022 
371 0.742 0.88731275609876 1.3279714559181 -3.5201536321475 -2.1921821762294 
372 0.744 0.88556753995417 1.3253595277017 -3.5175387478825 -2.1921792201808 
373 0.746 0.88378406254993 1.3226903368568 -3.5148656691445 -2.1921753322877 
374 0.748 0.88200646336564 1.320029943483 -3.5122005483242 -2.1921706048412 
375 0.75 0.88028720463983 1.3174568637008 -3.5096220750872 -2.1921652113864 
376 0.752 0.87868521557454 1.3150592922281 -3.5072186878482 -2.1921593956201 
377 0.754 0.8772631828825 1.3129310473546 -3.5050845552171 -2.1921535078626 
378 0.756 0.87608401721682 1.3111662825238 -3.5033142408926 -2.1921479583688 
379 0.758 0.87520670846264 1.3098532832735 -3.5019964576854 -2.1921431744119 
380 0.76 0.87468204292824 1.3090680574906 -3.5012076030235 -2.192139545533 
381 0.762 0.87454861229345 1.3088683623176 -3.5010057485435 -2.1921373862259 
382 0.764 0.87482970307551 1.3092890488596 -3.5014259163014 -2.1921368674418 
383 0.766 0.8755315379198 1.3103394300624 -3.5024774515655 -2.1921380215031 
384 0.768 0.87664302364816 1.3120029036356 -3.5041436054762 -2.1921407018406 
385 0.77 0.8781370645784 1.3142389175954 -3.5063835610065 -2.1921446434111 
386 0.772 0.87997314686597 1.316986838046 -3.5091363583082 -2.1921495202622 
387 0.774 0.88210072737848 1.3201710210428 -3.5123259658625 -2.1921549448197 
388 0.776 0.88446295578085 1.323706383145 -3.5158669587174 -2.1921605755724 
389 0.778 0.88700022416501 1.3275037138686 -3.5196698286781 -2.1921661148096 
390 0.78 0.8896532386736 1.3314742727446 -3.5236456096658 -2.1921713369211 
391 0.782 0.89236537098908 1.3355333086087 -3.5277094135264 -2.1921761049177 
392 0.784 0.89508430198562 1.3396025195258 -3.5317828516395 -2.1921803321137 
393 0.786 0.8977629969504 1.3436115123278 -3.5357955130659 -2.1921840007381 
394 0.788 0.90036008950534 1.3474983771989 -3.5396854902401 -2.1921871130413 
395 0.79 0.90283991202642 1.3512097332017 -3.5433994464711 -2.1921897132694 
396 0.792 0.90517227230518 1.3547003940243 -3.5468922284418 -2.1921918344175 
397 0.794 0.90733216944435 1.3579329427833 -3.5501264721318 -2.1921935293485 
398 0.796 0.90929955226343 1.3608773704483 -3.553072171641 -2.1921948011927 
399 0.798 0.91105917924619 1.3635108662367 -3.5557065149631 -2.1921956487264 
400 0.8 0.91260063568566 1.3658178432728 -3.5580139033273 -2.1921960600545 
401 0.802 0.91391850850749 1.3677902002325 -3.5599862064562 -2.1921960062237 
402 0.804 0.91501266621866 1.3694277403205 -3.5616231936205 -2.1921954533 
403 0.806 0.91588858226315 1.3707386552114 -3.5629330181679 -2.1921943629565 
404 0.808 0.91655764816719 1.3717399937097 -3.5639327081747 -2.192192714465 
405 0.81 0.91703731718442 1.3724578767321 -3.5646483801454 -2.1921905034134 
406 0.812 0.91735101262712 1.3729273601142 -3.5651151293986 -2.1921877692843 
407 0.814 0.91752767712453 1.3731917600208 -3.5653763442579 -2.1921845842371 
408 0.816 0.91760088444086 1.3733013236733 -3.5654824021278 -2.1921810784545 
409 0.818 0.91760745489237 1.3733111571531 -3.5654885940598 -2.1921774369067 
410 0.82 0.91758555222885 1.3732783771533 -3.5654522562746 -2.1921738791213 
411 0.822 0.91757237053007 1.3732586491379 -3.5654293054778 -2.1921706563399 
412 0.824 0.91760158199387 1.3733023676462 -3.5654703992703 -2.192168031624 
413 0.826 0.91770080074664 1.3734508605769 -3.5656170791902 -2.1921662186133 
414 0.828 0.91788933871645 1.373733030579 -3.5658984079489 -2.1921653773699 
415 0.83 0.91817660043691 1.3741629526809 -3.566328538595 -2.1921655859141 
416 0.832 0.9185613746785 1.3747388141303 -3.5669056180426 -2.1921668039123 
417 0.834 0.91903209124882 1.3754432987271 -3.5676122174555 -2.1921689187284 
418 0.836 0.91956801253127 1.3762453701059 -3.5684171050734 -2.1921717349674 
419 0.838 0.92014123775563 1.3771032713708 -3.5692782697921 -2.1921749984214 
420 0.84 0.92071919862948 1.377968260111 -3.5701466909351 -2.192178430824 
421 0.842 0.92126733489174 1.3787886126927 -3.5709704037087 -2.192181791016 
422 0.844 0.92175163307686 1.3795134238279 -3.5716982818785 -2.1921848580506 
423 0.846 0.92214085040947 1.3800959349034 -3.5722833980804 -2.192187463177 
424 0.848 0.92240826816959 1.3804961581052 -3.5726856585263 -2.1921895004211 
425 0.85 0.9225328685314 1.3806826377007 -3.5728735532678 -2.1921909155671 
426 0.852 0.92250001735109 1.380633471914 -3.5728251608572 -2.1921916889432 
427 0.854 0.92230169566044 1.3803366593837 -3.572528497585 -2.1921918382013 
428 0.856 0.92193636283092 1.3797898943719 -3.5719813110416 -2.1921914166696 
429 0.858 0.92140857437834 1.3789999947622 -3.5711904662833 -2.1921904715211 
430 0.86 0.9207284238809 1.3779820668217 -3.5701711627173 -2.1921890958955 
431 0.862 0.91991084256106 1.376758456941 -3.5689458095 -2.192187352559 
432 0.864 0.91897484493079 1.3753576226498 -3.5675429308968 -2.192185308247 
433 0.866 0.91794273325121 1.3738129419942 -3.5659959958958 -2.1921830539016 
434 0.868 0.91683929564652 1.3721615134169 -3.5643421689011 -2.1921806554842 
435 0.87 0.91569102748176 1.3704429904541 -3.5626211907271 -2.192178200273 
436 0.872 0.91452536971163 1.3686984418319 -3.5608741877029 -2.192175745871 
437 0.874 0.91336997659757 1.366969255516 -3.5591426180521 -2.1921733625362 
438 0.876 0.91225201459742 1.3652960894144 -3.5574671880946 -2.1921710986802 
439 0.878 0.91119751409278 1.3637179011591 -3.555886914616 -2.1921690134569 
440 0.88 0.91023084152987 1.3622711581004 -3.5544382899084 -2.192167131808 
441 0.882 0.90937423091936 1.3609891361394 -3.5531546341573 -2.1921654980179 
442 0.884 0.90864739231934 1.3599013337752 -3.552065469212 -2.1921641354367 
443 0.886 0.90806729812565 1.3590331522624 -3.5511962000916 -2.1921630478292 
444 0.888 0.90764801678369 1.3584056467405 -3.5505678773467 -2.1921622306062 
445 0.89 0.90740064807938 1.3580354293891 -3.5501971137373 -2.1921616843482 
446 0.892 0.90733335327989 1.3579347145371 -3.5500961241812 -2.1921614096441 
447 0.894 0.90745138528642 1.3581113637901 -3.5502727458978 -2.1921613821076 
448 0.896 0.90775716441638 1.3585689994475 -3.5507305996269 -2.1921616001794 
449 0.898 0.90825029449572 1.3593070285865 -3.5514690984926 -2.1921620699061 
450 0.9 0.90892752481278 1.3603205861218 -3.552483375576 -2.1921627894542 
451 0.902 0.90978268967996 1.3616004443521 -3.5537642313256 -2.1921637869735 
452 0.904 0.91080658477444 1.3631328278888 -3.5552978926637 -2.192165064775 
453 0.906 0.91198676008044 1.364899103769 -3.5570657577093 -2.1921666539402 
454 0.908 0.91330731128591 1.3668754692556 -3.5590440551968 -2.1921685859412 
455 0.91 0.91474877096457 1.3690327889774 -3.5612036306305 -2.1921708416531 
456 0.912 0.91628812080798 1.3713366132363 -3.5635100430961 -2.1921734298598 
457 0.914 0.91789895218528 1.3737474183043 -3.5659237166258 -2.1921762983215 
458 0.916 0.91955191015494 1.3762212709413 -3.5684006499438 -2.1921793790025 
459 0.918 0.92121543609604 1.3787109398329 -3.5708935227761 -2.1921825829431 
460 0.92 0.92285672937032 1.3811673348346 -3.5733531201324 -2.1921857852977 
461 0.922 0.92444297451198 1.3835413436108 -3.5757302222851 -2.1921888786742 
462 0.924 0.92594265916799 1.3857858040926 -3.5779775051738 -2.1921917010811 
463 0.926 0.92732697302298 1.3878575981391 -3.5800517448921 -2.1921941467529 
464 0.928 0.92857111999918 1.3897196154042 -3.5819157170362 -2.1921961016321 
465 0.93 0.92965538534278 1.391342350361 -3.5835398395586 -2.1921974891976 
466 0.932 0.93056602057955 1.3927052267457 -3.5849034891919 -2.1921982624462 
467 0.934 0.93129575251511 1.3937973593385 -3.5859957713823 -2.1921984120438 
468 0.936 0.93184388085757 1.3946177000672 -3.5868156617553 -2.1921979616881 
469 0.938 0.93221600683888 1.3951746318568 -3.5873716131613 -2.1921969813045 
470 0.94 0.93242342423746 1.3954850572203 -3.5876806222066 -2.1921955649863 
471 0.942 0.93248220570841 1.3955730308406 -3.5877668717979 -2.1921938409573 
472 0.944 0.93241205574408 1.3954680428873 -3.5876599698593 -2.192191926972 
473 0.946 0.9322350114323 1.3952030745423 -3.5873930363406 -2.1921899617983 
474 0.948 0.93197411574671 1.3948126124182 -3.5870006805557 -2.1921880681375 
475 0.95 0.9316521458183 1.3943307452618 -3.5865171086112 -2.1921863633493 
476 0.952 0.931290513538 1.3937895185721 -3.5859744454259 -2.1921849268538 
477 0.954 0.93090842952984 1.3932176833842 -3.5854014952437 -2.1921838118595 
478 0.956 0.93052231095896 1.3926398099825 -3.584822856525 -2.1921830465425 
479 0.958 0.93014548678852 1.3920758467815 -3.5842584676696 -2.1921826208882 
480 0.96 0.92978819193906 1.3915411115845 -3.5837236251661 -2.1921825135816 
481 0.962 0.92945781578543 1.3910466634897 -3.5832293359092 -2.1921826724195 
482 0.964 0.92915931691821 1.390599923631 -3.5827829619755 -2.1921830383446 
483 0.966 0.92889576606712 1.3902054877288 -3.5823890292019 -2.1921835414731 
484 0.968 0.92866896952596 1.3898660591216 -3.5820501734314 -2.1921841143098 
485 0.97 0.92848012351451 1.3895834280977 -3.5817681137021 -2.1921846856044 
486 0.972 0.92833050986443 1.3893595130741 -3.5815446780631 -2.1921851649889 
487 0.974 0.92822223297383 1.3891974635385 -3.5813829308327 -2.1921854672942 
488 0.976 0.92815900056972 1.3891028285554 -3.5812883457371 -2.1921855171817 
489 0.978 0.92814686703979 1.3890846692521 -3.581269913721 -2.1921852444688 
490 0.98 0.92819478713626 1.3891563875046 -3.581341014467 -2.1921846269624 
491 0.982 0.92831484843127 1.3893360738346 -3.5815197400813 -2.1921836662466 
492 0.984 0.92852196838454 1.389646054035 -3.5818284994162 -2.1921824453812 
493 0.986 0.92883289976819 1.3901114006666 -3.5822925349028 -2.1921811342362 
494 0.988 0.92926456119755 1.390757434495 -3.5829373843331 -2.1921799498381 
495 0.99 0.92983185657327 1.3916064610201 -3.5837856036345 -2.1921791426144 
496 0.992 0.93054530266514 1.3926742198671 -3.5848531365482 -2.1921789166811 
497 0.994 0.93140896918234 1.3939668018506 -3.5861462082682 -2.1921794064176 
498 0.996 0.93241926653974 1.3954788347199 -3.5876594606102 -2.1921806258903 
499 0.998 0.93356481193741 1.3971932827307 -3.5893757594995 -2.1921824767689 
500 1 0.93482744696005 1.3990829696057 -3.5912677182315 -2.1921847486257 
501 1.002 0.93618426513384 1.4011136130213 -3.5933007985892 -2.1921871855679 
502 1.004 0.93761020101609 1.4032476994937 -3.5954372216686 -2.1921895221749 
503 1.006 0.93908061939901 1.4054483594384 -3.5976399059513 -2.1921915465129 
504 1.008 0.94057352435728 1.407682673278 -3.5998757792791 -2.1921931060011 
505 1.01 0.94207102929664 1.4099238715487 -3.6021180300717 -2.192194158523 
506 1.012 0.94355993876115 1.4121522056459 -3.6043469414282 -2.1921947357823 
507 1.014 0.94503153634632 1.4143546304102 -3.6065495614868 -2.1921949310766 
508 1.016 0.94648069698434 1.4165234755543 -3.6087183731095 -2.1921948975552 
509 1.018 0.94790459259058 1.4186545085055 -3.6108492841895 -2.192194775684 
510 1.02 0.94930130321395 1.4207448558236 -3.6129395564649 -2.1921947006413 
511 1.022 0.9506685588062 1.4227911201052 -3.6149858881519 -2.1921947680467 
512 1.024 0.95200281449195 1.4247879960133 -3.6169830228814 -2.1921950268681 
513 1.026 0.9532987593233 1.4267275350683 -3.618923020361 -2.1921954852927 
514 1.028 0.95454929811349 1.4285991184604 -3.6207952231744 -2.192196104714 
515 1.03 0.9557460162256 1.430390152662 -3.6225869393851 -2.1921967867232 
516 1.032 0.9568800001313 1.4320872974938 -3.6242847257481 -2.1921974282543 
517 1.034 0.95794297897333 1.4336781746121 -3.6258760629867 -2.1921978883746 
518 1.036 0.95892871195066 1.4351534438991 -3.6273514712192 -2.1921980273201 
519 1.038 0.95983443683267 1.4365089713408 -3.628706677918 -2.1921977065772 
520 1.04 0.96066223459167 1.4377478713652 -3.6299446803031 -2.1921968089379 
521 1.042 0.96142022336508 1.4388822937525 -3.6310775320657 -2.1921952383133 
522 1.044 0.96212340882691 1.4399346963187 -3.6321276580453 -2.1921929617266 
523 1.046 0.9627939862074 1.4409382969253 -3.6331283003366 -2.1921900034114 
524 1.048 0.96346105434719 1.4419366455264 -3.6341231016979 -2.1921864561715 
525 1.05 0.96415968169113 1.4429822263148 -3.6351647023934 -2.1921824760786 
526 1.052 0.9649291915224 1.4441338913663 -3.6363121756179 -2.1921782842516 
527 1.054 0.96581091437679 1.4454534968545 -3.6376276439817 -2.1921741471272 
528 1.056 0.96684552421016 1.447001916301 -3.6391722607016 -2.1921703444006 
529 1.058 0.96807003939197 1.4488345521981 -3.6410017322836 -2.1921671800855 
530 1.06 0.96951479077365 1.4509967983538 -3.6431617316775 -2.1921649333237 
531 1.062 0.97120058993468 1.4535198018279 -3.645683648367 -2.1921638465391 
532 1.064 0.97313636679801 1.4564169273362 -3.6485810093693 -2.1921640820331 
533 1.066 0.97531749665351 1.4596812534375 -3.6518469724631 -2.1921657190256 
534 1.068 0.97772498717169 1.4632843558009 -3.6554530916968 -2.192168735896 
535 1.07 0.98032570547635 1.4671766470474 -3.6593496576379 -2.1921730105906 
536 1.072 0.98307366136996 1.471289297253 -3.6634676295183 -2.1921783322652 
537 1.074 0.98591220348521 1.4755375207566 -3.6677219251891 -2.1921844044325 
538 1.076 0.98877700045716 1.4798250378464 -3.672015924924 -2.1921908870776 
539 1.078 0.99159950739577 1.4840492627579 -3.6762466991746 -2.1921974364167 
540 1.08 0.99431055436595 1.4881066742707 -3.6803103983306 -2.19220372406 
541 1.082 0.99684373029855 1.4918978801428 -3.684107362682 -2.1922094825392 
542 1.084 0.99913832994092 1.4953320275805 -3.6875465229022 -2.1922144953217 
543 1.086 1.0011416708817 1.4983302709479 -3.6905488804717 -2.1922186095238 
544 1.088 1.0028107044947 1.5008281827404 -3.6930499358703 -2.1922217531298 
545 1.09 1.0041129348995 1.5027771289206 -3.6950010368699 -2.1922239079494 
546 1.092 1.0050267464991 1.5041447591185 -3.6963698763157 -2.1922251171972 
547 1.094 1.0055412209742 1.5049147327417 -3.6971401643245 -2.1922254315828 
548 1.096 1.005655506171 1.5050857744384 -3.6973107281929 -2.1922249537545 
549 1.098 1.0053778398563 1.5046702130281 -3.696894013152 -2.1922238001238 
550 1.1 1.0047243533462 1.5036921909878 -3.6959142944881 -2.1922221035004 
551 1.102 1.0037177093072 1.5021856257537 -3.6944056297059 -2.1922200039522 
552 1.104 1.0023856476623 1.5001920334945 -3.692409654262 -2.1922176207675 
553 1.106 1.0007596460971 1.4977585243954 -3.6899735789843 -2.1922150545889 
554 1.108 0.99887379111923 1.4949361130602 -3.687148463031 -2.1922123499708 
555 1.11 0.99676397340842 1.4917785142565 -3.6839880567919 -2.1922095425354 
556 1.112 0.99446748596009 1.4883415414876 -3.680548174793 -2.1922066333055 
557 1.114 0.99202291170273 1.4846829387983 -3.6768865102542 -2.1922035714558 
558 1.116 0.98947013935231 1.4808624045036 -3.673062766093 -2.1922003615893 
559 1.118 0.98685025064267 1.4769414224145 -3.6691384535013 -2.1921970310868 
560 1.12 0.98420499831374 1.4729824805844 -3.6651761651112 -2.1921936845267 
561 1.122 0.98157570606148 1.4690474249501 -3.6612378991986 -2.1921904742485 
562 1.124 0.97900158753402 1.4651949435053 -3.6573825557463 -2.192187612241 
563 1.126 0.97651767805692 1.4614774708757 -3.6536627645036 -2.1921852936278 
564 1.128 0.97415279817944 1.4579381405185 -3.6501218398787 -2.1921836993601 
565 1.13 0.97192800983879 1.4546084741844 -3.6467913640586 -2.1921828898742 
566 1.132 0.96985595869494 1.4515073976414 -3.6436902094191 -2.1921828117777 
567 1.134 0.96794137402554 1.4486419888288 -3.6408253065539 -2.1921833177251 
568 1.136 0.96618265249203 1.4460098481553 -3.6381940053095 -2.1921841571542 
569 1.138 0.96457424766214 1.4436026747106 -3.6357877238359 -2.1921850491253 
570 1.14 0.96310940721522 1.4414103628255 -3.6335960939056 -2.1921857310802 
571 1.142 0.9617827791107 1.4394249025204 -3.6316108967731 -2.1921859942526 
572 1.144 0.96059247130207 1.4376434621176 -3.6298291850017 -2.1921857228841 
573 1.146 0.95954131069415 1.436070272424 -3.6282551547199 -2.1921848822959 
574 1.148 0.95863714268269 1.4347170750285 -3.6269006288427 -2.1921835538142 
575 1.15 0.95789210446759 1.4336020347268 -3.6257839250309 -2.192181890304 
576 1.152 0.95732102764488 1.4327473488064 -3.6249274743817 -2.1921801255754 
577 1.154 0.95693918701954 1.4321758778705 -3.6243544220762 -2.1921785442057 
578 1.156 0.95675967776547 1.4319072204395 -3.6240846236101 -2.1921774031705 
579 1.158 0.9567907256163 1.4319536873244 -3.6241306229458 -2.1921769356214 
580 1.16 0.95703341439008 1.4323169005906 -3.6244942120738 -2.1921773114832 
581 1.162 0.95748020843049 1.4329855822118 -3.6251641552898 -2.192178573078 
582 1.164 0.958114500934 1.433934878087 -3.6261155258605 -2.1921806477734 
583 1.166 0.95891132969192 1.4351274292349 -3.6273108012577 -2.1921833720229 
584 1.168 0.9598390845937 1.4365159272804 -3.6287024217431 -2.1921864944627 
585 1.17 0.96086197274652 1.4380468038065 -3.6302365270299 -2.1921897232234 
586 1.172 0.96194284121737 1.43966445493 -3.6318572510648 -2.1921927961347 
587 1.174 0.96304587299477 1.4413152761374 -3.6335107695338 -2.1921954933963 
588 1.176 0.96413888807311 1.4429511061364 -3.6351487535487 -2.1921976474123 
589 1.178 0.96519506669018 1.444531805891 -3.6367309623173 -2.1921991564263 
590 1.18 0.9661939987443 1.4460268292018 -3.6382268218409 -2.1921999926391 
591 1.182 0.96712212774153 1.4474158871267 -3.6396160543376 -2.1922001672109 
592 1.184 0.96797269529974 1.4486888649249 -3.6408886007684 -2.1921997358435 
593 1.186 0.96874529769621 1.4498451583764 -3.6420439246444 -2.1921987662679 
594 1.188 0.96944518213896 1.4508926205661 -3.643089983108 -2.1921973625419 
595 1.19 0.97008233007356 1.4518461899412 -3.644041816392 -2.1921956264508 
596 1.192 0.97067036003125 1.45272624829 -3.6449199313432 -2.1921936830531 
597 1.194 0.97122534068937 1.4535568443425 -3.6457484981142 -2.1921916537716 
598 1.196 0.97176453080639 1.4543638079298 -3.6465534761184 -2.1921896681886 
599 1.198 0.97230501053449 1.455172701577 -3.6473605628284 -2.1921878612514 
600 1.2 0.972862383423 1.4560068778932 -3.6481932278986 -2.1921863500054 
601 1.202 0.97344963805682 1.4568857758756 -3.6490710013305 -2.192185225455 
602 1.204 0.97407618198336 1.4578234750629 -3.6500080253811 -2.1921845503181 
603 1.206 0.97474720973075 1.4588277496984 -3.6510120987105 -2.1921843490122 
604 1.208 0.97546347066748 1.459899721303 -3.6520843221089 -2.1921846008059 
605 1.21 0.97622138963013 1.46103403921 -3.6532193112587 -2.1921852720487 
606 1.212 0.97701356173665 1.4622196211126 -3.6544058827341 -2.1921862616215 
607 1.214 0.97782961378033 1.4634409422456 -3.6556283976333 -2.1921874553877 
608 1.216 0.97865729684094 1.4646796706099 -3.656868419444 -2.1921887488341 
609 1.218 0.97948370293365 1.4659164878365 -3.6581064821859 -2.1921899943494 
610 1.22 0.98029654730016 1.4671330082904 -3.6593240872154 -2.1921910789249 
611 1.222 0.98108539225533 1.4683136107065 -3.6605055045809 -2.1921918938744 
612 1.224 0.98184267063018 1.4694469698958 -3.6616393415481 -2.1921923716523 
613 1.226 0.98256443199136 1.4705271735546 -3.6627196464397 -2.1921924728851 
614 1.228 0.98325074259336 1.4715543208407 -3.6637465075437 -2.1921921867029 
615 1.23 0.98390567715831 1.4725345100714 -3.6647260855747 -2.1921915755033 
616 1.232 0.98453691030107 1.4734792272411 -3.665669942753 -2.1921907155119 
617 1.234 0.98515498804977 1.4744042557637 -3.6665939557103 -2.1921896999466 
618 1.236 0.98577235102146 1.4753282145355 -3.6675168728748 -2.1921886583393 
619 1.238 0.98640237014624 1.4762711147797 -3.6684587448296 -2.19218763005 
620 1.24 0.98705867252047 1.4772533511033 -3.6694400073775 -2.1921866562742 
621 1.242 0.98775487241585 1.4782952989197 -3.6704809939472 -2.1921856950275 
622 1.244 0.9885048600237 1.4794177465895 -3.6716023879574 -2.1921846413678 
623 1.246 0.98932364173127 1.4806431529965 -3.6728265172048 -2.1921833642084 
624 1.248 0.99022842890388 1.4819972770419 -3.6741790322642 -2.1921817552222 
625 1.25 0.99123942812844 1.4835103603409 -3.6756901337083 -2.1921797733674 
626 1.252 0.99237983561211 1.4852171188384 -3.6773946504569 -2.1921775316186 
627 1.254 0.99367457000271 1.4871548463216 -3.6793301400427 -2.1921752937211 
628 1.256 0.99514746888548 1.489359218636 -3.6815326695421 -2.1921734509061 
629 1.258 0.9968173542353 1.4918584051562 -3.6840308366976 -2.1921724315413 
630 1.26 0.99869380873917 1.4946667475387 -3.6868393295843 -2.1921725820456 
631 1.262 1.000773731791 1.4977796053494 -3.6899537047707 -2.1921740994213 
632 1.264 1.003039724727 1.5011709393719 -3.6933478289946 -2.1921768896228 
633 1.266 1.0054608346547 1.5047944248379 -3.6969750910298 -2.1921806661919 
634 1.268 1.0079955059052 1.5085878686352 -3.7007728469662 -2.192184978331 
635 1.27 1.0105959311537 1.5124797212875 -3.7046690942898 -2.1921893730023 
636 1.272 1.0132125973103 1.516395880434 -3.7085893491007 -2.1921934686667 
637 1.274 1.015798105488 1.5202654078756 -3.7124624633155 -2.1921970554399 
638 1.276 1.0183096219353 1.5240241976936 -3.7162242530545 -2.1922000553608 
639 1.278 1.0207097798137 1.5276163258699 -3.7198188689602 -2.1922025430903 
640 1.28 1.0229663953945 1.5309936255397 -3.723198270421 -2.1922046448813 
641 1.282 1.0250514923181 1.5341142266787 -3.7263207233011 -2.1922064966224 
642 1.284 1.0269401845325 1.5369408842835 -3.7291490961802 -2.1922082118967 
643 1.286 1.0286098187787 1.5394396949965 -3.7316495168895 -2.1922098218929 
644 1.288 1.0300396597544 1.5415796259162 -3.7337909340599 -2.1922113081437 
645 1.29 1.0312111149951 1.5433328511582 -3.7355454552556 -2.1922126040974 
646 1.292 1.032108386168 1.544675726596 -3.7368893707346 -2.1922136441386 
647 1.294 1.0327192831911 1.5455900082893 -3.7378043504549 -2.1922143421656 
648 1.296 1.0330359785505 1.5460639814118 -3.7382786086399 -2.1922146272282 
649 1.298 1.0330555834224 1.5460933224869 -3.738307817012 -2.1922144945251 
650 1.3 1.0327802806354 1.5456812983834 -3.7378952523177 -2.1922139539343 
651 1.302 1.0322171186417 1.5448384579671 -3.737051516617 -2.1922130586499 
652 1.304 1.0313774897013 1.5435818511408 -3.7357937448078 -2.192211893667 
653 1.306 1.0302763584709 1.5419338743331 -3.7341444175751 -2.192210543242 
654 1.308 1.0289314514669 1.5399210574319 -3.7321301201513 -2.1922090627195 
655 1.31 1.0273625022699 1.5375729341404 -3.7297804421347 -2.1922075079943 
656 1.312 1.025590659308 1.5349211556536 -3.7271270572232 -2.1922059015696 
657 1.314 1.0236381778891 1.5319990297462 -3.7242032665814 -2.1922042368352 
658 1.316 1.0215283672664 1.5288414415507 -3.7210439168309 -2.1922024752802 
659 1.318 1.0192857935201 1.5254851571939 -3.7176857329812 -2.1922005757873 
660 1.32 1.0169366029885 1.5219693078511 -3.714167800311 -2.19219849246 
661 1.322 1.0145088085611 1.5183358182182 -3.7105320206162 -2.1921962023981 
662 1.324 1.0120324656425 1.5146296698636 -3.7068233750582 -2.1921937051946 
663 1.326 1.0095394702557 1.5108985990651 -3.7030896621057 -2.1921910630406 
664 1.328 1.0070628719302 1.5071920684631 -3.6993804575942 -2.1921883891311 
665 1.33 1.0046357355994 1.5035595637519 -3.6957453997496 -2.1921858359977 
666 1.332 1.0022896092406 1.5000483003162 -3.6922318750106 -2.1921835746944 
667 1.334 1.0000528297188 1.496700687721 -3.6888824584282 -2.1921817707072 
668 1.336 0.99794892009911 1.4935519310943 -3.6857324696292 -2.1921805385349 
669 1.338 0.99599534991974 1.4906281757245 -3.6828081345334 -2.1921799588089 
670 1.34 0.99420298289849 1.4879456804866 -3.6801256789858 -2.1921799984992 
671 1.342 0.99257621578043 1.4855110256444 -3.6776916000564 -2.192180574412 
672 1.344 0.99111382833383 1.4833223849726 -3.675503933765 -2.1921815487924 
673 1.346 0.98981042633905 1.4813716853655 -3.673554406685 -2.1921827213195 
674 1.348 0.98865817909835 1.4796472072317 -3.6718311271426 -2.192183919911 
675 1.35 0.987648541907 1.4781361623811 -3.6703211705682 -2.1921850081871 
676 1.352 0.98677375631794 1.4768269393542 -3.6690128165631 -2.1921858772088 
677 1.354 0.98602787025395 1.4757106301436 -3.6678970969088 -2.1921864667652 
678 1.356 0.98540720301697 1.4747817261369 -3.6669685292044 -2.1921868030675 
679 1.358 0.9849103289511 1.4740380936667 -3.6662250175623 -2.1921869238956 
680 1.36 0.9845375749375 1.4734802219504 -3.6656671623385 -2.1921869403881 
681 1.362 0.98429017665523 1.473109960332 -3.6652968958758 -2.1921869355438 
682 1.364 0.98416924014358 1.4729289641338 -3.6651159883522 -2.1921870242184 
683 1.366 0.9841746575794 1.4729370719854 -3.6651244086882 -2.1921873367028 
684 1.368 0.98430400202636 1.4731306516813 -3.6653186125132 -2.1921879608319 
685 1.37 0.98455153951021 1.4735011216318 -3.6656901053312 -2.1921889836994 
686 1.372 0.98490743604205 1.4740337640764 -3.6662242232802 -2.1921904592038 
687 1.374 0.98535724038863 1.474706950987 -3.6668993335375 -2.1921923825505 
688 1.376 0.98588184369237 1.4754920836342 -3.6676868030339 -2.1921947193997 
689 1.378 0.98645800113702 1.4763543733233 -3.6685517284863 -2.192197355163 
690 1.38 0.98705934452022 1.4772543568326 -3.669454501503 -2.1922001446704 
691 1.382 0.98765793310987 1.4781502174584 -3.6703531135182 -2.1922028960598 
692 1.384 0.98822613634262 1.479000602702 -3.6712060104765 -2.1922054077745 
693 1.386 0.98873855066455 1.4797674930554 -3.6719750006515 -2.1922075075961 
694 1.388 0.98917371439042 1.4804187684965 -3.6726278482459 -2.1922090797494 
695 1.39 0.98951533705269 1.4809300483593 -3.6731401091113 -2.1922100607521 
696 1.392 0.98975289165755 1.4812855777172 -3.6734960576464 -2.1922104799292 
697 1.394 0.98988148646356 1.4814780354843 -3.673688452793 -2.1922104173087 
698 1.396 0.98990110560806 1.4815073979202 -3.673717402057 -2.1922100041369 
699 1.398 0.98981538263476 1.4813791030649 -3.6735885000549 -2.19220939699 
700 1.4 0.98963019485262 1.481101947026 -3.673310701001 -2.192208753975 
701 1.402 0.98935223904705 1.4806859523576 -3.6728941352815 -2.192208182924 
702 1.404 0.98898780933587 1.4801405389723 -3.6723483413251 -2.1922078023528 
703 1.406 0.98854199930326 1.4794733300383 -3.6716809490898 -2.1922076190515 
704 1.408 0.9880183746218 1.4786896620184 -3.6708973000445 -2.192207638026 
705 1.41 0.98741920394203 1.4777929302241 -3.6700006988246 -2.1922077686006 
706 1.412 0.98674617279358 1.4767856572553 -3.6689935642297 -2.1922079069744 
707 1.414 0.98600148660726 1.4756711438075 -3.6678790455877 -2.1922079017802 
708 1.416 0.9851892517932 1.4744555356229 -3.6666631424648 -2.1922076068418 
709 1.418 0.98431685424394 1.4731498865881 -3.6653567978843 -2.1922069112963 
710 1.42 0.98339603914906 1.4717717748075 -3.6639775200126 -2.1922057452051 
711 1.422 0.98244338786202 1.4703460162935 -3.6625501511076 -2.1922041348141 
712 1.424 0.98147999177253 1.4689041768758 -3.6611063917021 -2.1922022148263 
713 1.426 0.98053012636783 1.4674825877735 -3.6596827984272 -2.1922002106537 
714 1.428 0.97961901440288 1.466118997907 -3.6583173980099 -2.1921984001029 
715 1.43 0.97876997018265 1.4648482999693 -3.6570454033989 -2.1921971034296 
716 1.432 0.97800138540352 1.4636980193708 -3.6558946045884 -2.1921965852176 
717 1.434 0.97732419460274 1.4626845209764 -3.6548815249318 -2.1921970039554 
718 1.436 0.97674040781526 1.4618108130478 -3.65400916952 -2.1921983564721 
719 1.438 0.97624315487253 1.4610666135423 -3.6532670695708 -2.1922004560285 
720 1.44 0.97581839363903 1.4604309066963 -3.6526338782853 -2.192202971589 
721 1.442 0.97544812110453 1.4598767488152 -3.6520821990068 -2.1922054501915 
722 1.444 0.97511455452966 1.459377525867 -3.6515849639632 -2.1922074380961 
723 1.446 0.97480452890418 1.4589135348127 -3.6511220587967 -2.1922085239841 
724 1.448 0.97451329601568 1.4584776693748 -3.6506861132091 -2.1922084438343 
725 1.45 0.97424697211266 1.4580790832632 -3.6502862040414 -2.1922071207782 
726 1.452 0.9740230138144 1.4577439024317 -3.6499486271686 -2.192204724737 
727 1.454 0.97386848747857 1.4575126349764 -3.6497142408505 -2.1922016058741 
728 1.456 0.973816436268 1.4574347340092 -3.6496329956311 -2.1921982616218 
729 1.458 0.97390095485523 1.4575612263543 -3.6497564579666 -2.1921952316123 
730 1.46 0.97415203804717 1.4579370028882 -3.6501299291634 -2.1921929262753 
731 1.462 0.9745913551848 1.4585944944151 -3.6507860996825 -2.1921916052674 
732 1.464 0.97522976143911 1.4595499470187 -3.6517412524061 -2.1921913053874 
733 1.466 0.97606697060092 1.4608029323521 -3.6529947930093 -2.1921918606572 
734 1.468 0.97709302150922 1.4623385423263 -3.6545315626193 -2.192193020293 
735 1.47 0.9782908105421 1.4641311792911 -3.6563256846258 -2.1921945053347 
736 1.472 0.97963892222855 1.4661487923894 -3.6583448857846 -2.1921960933952 
737 1.474 0.98111396672525 1.468356375876 -3.660554044121 -2.1921976682451 
738 1.476 0.98269206104045 1.4707181859491 -3.6629173504756 -2.1921991645265 
739 1.478 0.98434957070569 1.4731988507521 -3.6653994547059 -2.1922006039538 
740 1.48 0.98606331698474 1.4757636804873 -3.6679656913738 -2.1922020108865 
741 1.482 0.9878105613912 1.4783786442443 -3.6705820449718 -2.1922034007276 
742 1.484 0.98956905331234 1.4810104412749 -3.6732152171632 -2.1922047758883 
743 1.486 0.99131730235227 1.483626908588 -3.6758329976449 -2.1922060890569 
744 1.488 0.99303503545056 1.4861977050831 -3.678404982885 -2.1922072778019 
745 1.49 0.99470376553747 1.4886951626118 -3.680903465978 -2.1922083033661 
746 1.492 0.996307304043 1.4910950530103 -3.6833041825315 -2.1922091295212 
747 1.494 0.99783208719502 1.4933770764439 -3.6855868247958 -2.1922097483519 
748 1.496 0.99926729681235 1.4955250421887 -3.6877352169283 -2.1922101747395 
749 1.498 1.0006047413253 1.4975266905645 -3.6897371281183 -2.1922104375538 
750 1.5 1.0018386228123 1.4993733442764 -3.6915838987847 -2.1922105545083 
751 1.502 1.00296525633 1.5010594883587 -3.6932700460144 -2.1922105576558 
752 1.504 1.0039828848066 1.5025824931397 -3.6947929226227 -2.192210429483 
753 1.506 1.0048916711502 1.5039426024309 -3.696152742719 -2.192210140288 
754 1.508 1.0056938405741 1.5051431465348 -3.6973528105077 -2.1922096639729 
755 1.51 1.0063938584584 1.5061908084361 -3.6983998047966 -2.1922089963605 
756 1.512 1.0069985112761 1.5070957449166 -3.6993038583213 -2.1922081134047 
757 1.514 1.0075166929357 1.5078712667923 -3.7000783628735 -2.1922070960812 
758 1.516 1.007958730856 1.5085328303014 -3.7007388821574 -2.192206051856 
759 1.518 1.0083352360431 1.5090963161051 -3.7013014571164 -2.1922051410113 
760 1.52 1.0086555639701 1.5095757258066 -3.7017802538944 -2.1922045280878 
761 1.522 1.0089261690193 1.5099807191742 -3.7021850843811 -2.1922043652069 
762 1.524 1.0091491933119 1.5103145021525 -3.7025192535211 -2.1922047513685 
763 1.526 1.0093216540162 1.5105726105716 -3.7027782763057 -2.1922056657341 
764 1.528 1.0094355209711 1.5107430263182 -3.7029500587906 -2.1922070324724 
765 1.53 1.0094787652382 1.5108077466234 -3.7030163947012 -2.1922086480778 
766 1.532 1.0094371575413 1.5107454756446 -3.7029557626084 -2.1922102869637 
767 1.534 1.0092966451459 1.5105351817555 -3.7027468868223 -2.1922117050669 
768 1.536 1.0090459102879 1.5101599265457 -3.7023725779218 -2.1922126513761 
769 1.538 1.0086787070648 1.5096103622625 -3.701823296974 -2.1922129347115 
770 1.54 1.0081958133962 1.5088876531572 -3.7011000787684 -2.1922124256112 
771 1.542 1.0076064337632 1.508005574855 -3.7002166026736 -2.1922110278186 
772 1.544 1.0069290616356 1.506991805083 -3.6992005149407 -2.1922087098577 
773 1.546 1.0061918046707 1.5058884103687 -3.6980938898693 -2.1922054795006 
774 1.548 1.0054321240361 1.5047514559054 -3.6969528760399 -2.1922014201345 
775 1.55 1.0046958440298 1.5036495233284 -3.6958462111071 -2.1921966877786 
776 1.552 1.0040352659336 1.5026608878669 -3.6948524577753 -2.1921915699084 
777 1.554 1.0035061552713 1.5018690094094 -3.6940554691175 -2.1921864597081 
778 1.556 1.0031635046658 1.5013561911046 -3.693538071448 -2.1921818803434 
779 1.558 1.0030562384583 1.5011956541792 -3.6933740722926 -2.1921784181133 
780 1.56 1.0032214067925 1.5014428486794 -3.6936194530482 -2.1921766043688 
781 1.562 1.0036787996772 1.5021273927602 -3.6943042476833 -2.1921768549231 
782 1.564 1.0044270430598 1.5032472299848 -3.6954265382784 -2.1921793082936 
783 1.566 1.005442200314 1.5047665362807 -3.6969503494977 -2.192183813217 
784 1.568 1.0066792842166 1.5066179827971 -3.6988079100527 -2.1921899272556 
785 1.57 1.0080765423211 1.5087091494872 -3.7009061838733 -2.1921970343861 
786 1.572 1.0095616380054 1.5109317757986 -3.7031362029949 -2.1922044271963 
787 1.574 1.0110584813714 1.5131719839444 -3.7053834744931 -2.1922114905487 
788 1.576 1.0124935935832 1.51531980391 -3.7075375509008 -2.1922177469908 
789 1.578 1.0138010716262 1.517276603819 -3.7094995052307 -2.1922229014117 
790 1.58 1.0149258470305 1.5189599670084 -3.7111867860257 -2.1922268190173 
791 1.582 1.0158253284762 1.5203061503883 -3.7125356331054 -2.1922294827171 
792 1.584 1.0164698557137 1.5212707637878 -3.7135017048929 -2.1922309411052 
793 1.586 1.0168424809049 1.5218284427056 -3.7140597158411 -2.1922312731355 
794 1.588 1.0169384817623 1.5219721196645 -3.7142026334523 -2.1922305137879 
795 1.59 1.0167649717229 1.521712440788 -3.7139411331245 -2.1922286923365 
796 1.592 1.0163406354915 1.5210773700092 -3.713303185448 -2.1922258154388 
797 1.594 1.0156954474353 1.5201117676143 -3.7123336776068 -2.1922219099926 
798 1.596 1.0148701991169 1.5188766831378 -3.7110937353824 -2.1922170522446 
799 1.598 1.0139154728882 1.5174478192213 -3.7096592302659 -2.1922114110446 
800 1.6 1.0128897955602 1.5159127683553 -3.7081180251744 -2.1922052568191 
801 1.602 1.0118568406113 1.5143668256446 -3.7065657624731 -2.1921989368285 
802 1.604 1.0108817777076 1.5129075254205 -3.7051004016454 -2.192192876225 
803 1.606 1.010027015872 1.511628270376 -3.7038157703239 -2.1921874999479 
804 1.608 1.0093478106113 1.5106117570973 -3.7027949475175 -2.1921831904202 
805 1.61 1.0088883661372 1.5099241425635 -3.702104403911 -2.1921802613475 
806 1.612 1.0086790157838 1.5096108242981 -3.7017896442159 -2.1921788199178 
807 1.614 1.0087348492161 1.50969438582 -3.7018732349147 -2.1921788490947 
808 1.616 1.0090559183023 1.5101749047564 -3.7023550715602 -2.1921801668038 
809 1.618 1.0096289227125 1.5110324755461 -3.7032149781611 -2.1921825026151 
810 1.62 1.010429907799 1.5122312471451 -3.7044167772705 -2.1921855301254 
811 1.622 1.0114274996661 1.513724264703 -3.7059131786987 -2.1921889139957 
812 1.624 1.0125861591531 1.5154583395433 -3.7076507323909 -2.1921923928476 
813 1.626 1.0138690179316 1.5173782937286 -3.7095740207457 -2.192195727017 
814 1.628 1.0152400822853 1.519430258285 -3.7116290641575 -2.1921988058724 
815 1.63 1.0166656418633 1.5215637815725 -3.7137653536794 -2.1922015721069 
816 1.632 1.0181149352799 1.5237328254359 -3.7159368571581 -2.1922040317222 
817 1.634 1.0195603144883 1.5258960112105 -3.7181022151857 -2.1922062039752 
818 1.636 1.0209771154053 1.5280164260965 -3.7202245482228 -2.1922081221263 
819 1.638 1.0223434564794 1.5300613216904 -3.7222711053811 -2.1922097836907 
820 1.64 1.0236401669127 1.5320020065618 -3.7242131910589 -2.1922111844971 
821 1.642 1.0248509757686 1.5338141292754 -3.7260264066517 -2.1922122773764 
822 1.644 1.0259629420012 1.5354783219815 -3.7276913307215 -2.19221300874 
823 1.646 1.0269669232204 1.5369809019819 -3.7291942354719 -2.1922133334901 
824 1.648 1.0278579611722 1.5383144486463 -3.7305276818928 -2.1922132332465 
825 1.65 1.028635440174 1.5394780405307 -3.731690760598 -2.1922127200673 
826 1.652 1.0293027792434 1.5404767946109 -3.7326886827316 -2.1922118881206 
827 1.654 1.0298668012203 1.5413209220965 -3.7335317317702 -2.1922108096737 
828 1.656 1.0303368863827 1.5420244617146 -3.7342340381447 -2.1922095764302 
829 1.658 1.0307240713642 1.5426039311295 -3.7348121854342 -2.1922082543046 
830 1.66 1.0310403855318 1.543077333752 -3.7352842184782 -2.1922068847262 
831 1.662 1.0312984606373 1.5434635745349 -3.7356690460415 -2.1922054715065 
832 1.664 1.0315114093427 1.5437822781717 -3.7359862885576 -2.1922040103859 
833 1.666 1.0316928444725 1.5440538179099 -3.7362563135543 -2.1922024956444 
834 1.668 1.0318568517654 1.5442992747705 -3.7365002297365 -2.192200954966 
835 1.67 1.0320177303521 1.5445400491419 -3.736739490888 -2.1921994417462 
836 1.672 1.0321893787845 1.5447969418971 -3.73699500328 -2.1921980613829 
837 1.674 1.0323843509986 1.5450887415283 -3.7372856642904 -2.1921969227622 
838 1.676 1.0326127933527 1.5454306332948 -3.7376267727089 -2.1921961394141 
839 1.678 1.0328813886068 1.5458326187595 -3.7380284097253 -2.1921957909658 
840 1.68 1.0331925228666 1.5462982690199 -3.7384942091988 -2.1921959401789 
841 1.682 1.033543908566 1.5468241604552 -3.739020714279 -2.1921965538237 
842 1.684 1.0339287229112 1.5474000819245 -3.7395976655299 -2.1921975836054 
843 1.686 1.0343362421474 1.5480099840246 -3.7402088790492 -2.1921988950246 
844 1.688 1.0347529223066 1.5486335965602 -3.7408339672064 -2.1922003706461 
845 1.69 1.0351637698955 1.549248479945 -3.741450354126 -2.192201874181 
846 1.692 1.0355537666655 1.5498321575432 -3.7420353922186 -2.1922032346753 
847 1.694 1.0359092641351 1.5503642027428 -3.7425685552522 -2.1922043525095 
848 1.696 1.036219211501 1.5508280766721 -3.7430332182227 -2.1922051415506 
849 1.698 1.0364760752768 1.5512125045528 -3.7434180288248 -2.192205524272 
850 1.7 1.0366764332792 1.5515123646713 -3.7437178483784 -2.1922054837071 
851 1.702 1.0368212587404 1.5517291135878 -3.7439341398176 -2.1922050262298 
852 1.704 1.0369158487228 1.5518706790006 -3.7440748572903 -2.1922041782897 
853 1.706 1.0369694437709 1.5519508905084 -3.7441539055988 -2.1922030150904 
854 1.708 1.0369945500584 1.5519884651212 -3.7441900906269 -2.1922016255057 
855 1.71 1.0370060021648 1.5520056045913 -3.7442057372748 -2.1922001326835 
856 1.712 1.0370198393314 1.5520263135939 -3.7442249657496 -2.1921986521556 
857 1.714 1.0370520847745 1.5520745728213 -3.7442718692694 -2.1921972964481 
858 1.716 1.037117581083 1.5521725960127 -3.7443687605741 -2.1921961645615 
859 1.718 1.0372290680896 1.5523394498773 -3.744534745381 -2.1921952955037 
860 1.72 1.0373966797769 1.5525903011527 -3.7447850018063 -2.1921947006536 
861 1.722 1.0376279102618 1.5529363656959 -3.7451306853861 -2.1921943196902 
862 1.724 1.0379280791379 1.5533856049259 -3.7455796587656 -2.1921940538396 
863 1.726 1.038301247858 1.5539440973009 -3.7461378888418 -2.1921937915408 
864 1.728 1.0387512724405 1.5546176138214 -3.7468110439348 -2.1921934301135 
865 1.73 1.0392826910058 1.5554129463364 -3.7476058399486 -2.1921928936122 
866 1.732 1.03990131569 1.5563387934144 -3.748530971461 -2.1921921780466 
867 1.734 1.0406142937195 1.5574058517491 -3.7495971834038 -2.1921913316547 
868 1.736 1.0414296594223 1.5586261456895 -3.7508165492738 -2.1921904035844 
869 1.738 1.0423555977892 1.5600119250697 -3.7522014190072 -2.1921894939376 
870 1.74 1.0433996161602 1.5615744255371 -3.7537630961017 -2.1921886705646 
871 1.742 1.0445678670585 1.5633228550909 -3.7555108175941 -2.1921879625032 
872 1.744 1.045864749603 1.5652637975478 -3.7574511972561 -2.1921873997083 
873 1.746 1.0472927244758 1.5674009356175 -3.7595879195265 -2.192186983909 
874 1.748 1.0488521037283 1.5697347363231 -3.761921512975 -2.1921867766519 
875 1.75 1.0505406049722 1.5722617837929 -3.7644486353298 -2.1921868515369 
876 1.752 1.052352576531 1.5749736196054 -3.7671609718756 -2.1921873522702 
877 1.754 1.0542779020432 1.5778551033957 -3.7700435011477 -2.192188397752 
878 1.756 1.056300814582 1.58088263804 -3.7730727344383 -2.1921900963983 
879 1.758 1.0583990271765 1.5840228683756 -3.7762153523633 -2.1921924839877 
880 1.76 1.0605434859374 1.5872323117238 -3.7794278287656 -2.1921955170418 
881 1.762 1.062699043447 1.5904583656994 -3.7826573915791 -2.1921990258797 
882 1.764 1.0648261036365 1.5936417699695 -3.7858445656986 -2.1922027957291 
883 1.766 1.0668829691718 1.5967201194024 -3.7889266422448 -2.1922065228424 
884 1.768 1.0688286076683 1.5996320040441 -3.7918419355253 -2.1922099314812 
885 1.77 1.0706254193346 1.6023211512339 -3.7945339418302 -2.1922127905963 
886 1.772 1.0722416482178 1.6047400343259 -3.7969549624083 -2.1922149280824 
887 1.774 1.0736531531848 1.6068525231787 -3.799068757642 -2.1922162344634 
888 1.776 1.0748444300548 1.6086354138996 -3.8008521154652 -2.1922167015655 
889 1.778 1.0758088534609 1.6100787908216 -3.802295161896 -2.1922163710744 
890 1.78 1.076548123269 1.6111851980005 -3.8034005863826 -2.192215388382 
891 1.782 1.0770710621578 1.6119678396483 -3.8041817421034 -2.1922139024551 
892 1.784 1.0773919134393 1.6124480326136 -3.8046601826414 -2.1922121500279 
893 1.786 1.0775282697472 1.6126521064123 -3.8048624303511 -2.1922103239389 
894 1.788 1.0774989127272 1.6126081700613 -3.8048168111873 -2.1922086411261 
895 1.79 1.077321769033 1.6123430529784 -3.8045503155257 -2.1922072625473 
896 1.792 1.0770121945056 1.6118797370472 -3.8040860500545 -2.1922063130073 
897 1.794 1.0765819207829 1.6112357800906 -3.8034415785179 -2.1922057984273 
898 1.796 1.07603875319 1.6104228637269 -3.8026285318399 -2.1922056681129 
899 1.798 1.0753870482784 1.6094475080653 -3.801653308537 -2.1922058004717 
900 1.8 1.0746289143975 1.6083128685071 -3.8005188802574 -2.1922060117503 
901 1.802 1.073765933748 1.6070213130079 -3.7992274233982 -2.1922061103903 
902 1.804 1.0728011163652 1.6055773464519 -3.7977832276867 -2.1922058812348 
903 1.806 1.0717407810697 1.6039904257225 -3.7961955961274 -2.1922051704048 
904 1.808 1.0705960977865 1.6022772679711 -3.7944811486707 -2.1922038806996 
905 1.81 1.0693840873339 1.600463346922 -3.7926653239963 -2.1922019770743 
906 1.812 1.0681279400071 1.5985833696728 -3.7907828530805 -2.1921994834076 
907 1.814 1.0668566794774 1.5966807736773 -3.7888772691316 -2.1921964954543 
908 1.816 1.0656041849964 1.5948062633561 -3.786999420785 -2.1921931574289 
909 1.818 1.0644076939983 1.5930155690583 -3.7852052237693 -2.192189654711 
910 1.82 1.06330596984 1.5913667048619 -3.7835529074618 -2.1921862025999 
911 1.822 1.0623372399252 1.5899168827259 -3.782099877655 -2.1921829949291 
912 1.824 1.0615370887218 1.5887193591342 -3.7808995999133 -2.1921802407791 
913 1.826 1.0609364603157 1.5878204456752 -3.7799985351128 -2.1921780894376 
914 1.828 1.0605599476485 1.5872569486767 -3.7794336335964 -2.1921766849197 
915 1.83 1.0604244490625 1.5870541585632 -3.779230257933 -2.1921760993698 
916 1.832 1.0605382902885 1.5872245358035 -3.7794009096011 -2.1921763737977 
917 1.834 1.0609008264751 1.5877671152989 -3.779944600819 -2.1921774855201 
918 1.836 1.0615025251649 1.5886676305677 -3.7808470224032 -2.1921793918355 
919 1.838 1.0623255001012 1.5898993126515 -3.7820813019209 -2.1921819892694 
920 1.84 1.063344411401 1.5914242373332 -3.7836094037613 -2.1921851664281 
921 1.842 1.0645276563565 1.5931951073174 -3.785383888303 -2.1921887809856 
922 1.844 1.065838767308 1.5951573443157 -3.787350018776 -2.1921926744602 
923 1.846 1.0672379747288 1.5972514283948 -3.789448129769 -2.1921967013742 
924 1.848 1.068683814671 1.5994153037138 -3.7916160030919 -2.1922006993781 
925 1.85 1.0701346637978 1.6015866758866 -3.7937912229757 -2.1922045470891 
926 1.852 1.0715501207921 1.6037050794287 -3.7959132034256 -2.1922081239969 
927 1.854 1.0728921890665 1.6057136478259 -3.7979250083944 -2.1922113605685 
928 1.856 1.0741261173883 1.6075603716318 -3.7997745758084 -2.1922142041766 
929 1.858 1.0752208630531 1.6091987916639 -3.801415467879 -2.1922166762151 
930 1.86 1.0761492115376 1.6105881780783 -3.8028069677038 -2.1922187896256 
931 1.862 1.0768875574626 1.6116932025538 -3.8039138107431 -2.1922206081892 
932 1.864 1.0774154730481 1.6124832924335 -3.804705487733 -2.1922221952995 
933 1.866 1.0777151759372 1.6129318342573 -3.8051554483574 -2.1922236141001 
934 1.868 1.0777710724274 1.6130154901532 -3.8052403846857 -2.1922248945324 
935 1.87 1.0775694395546 1.6127137220361 -3.8049397856963 -2.1922260636602 
936 1.872 1.0770983465163 1.6120086740092 -3.804235771857 -2.1922270978478 
937 1.874 1.0763479226472 1.6108855734213 -3.8031135151591 -2.1922279417378 
938 1.876 1.075310859681 1.6093334825631 -3.8015620284811 -2.192228545918 
939 1.878 1.0739831222207 1.6073463619721 -3.799575175334 -2.1922288133618 
940 1.88 1.0723647166958 1.6049242212711 -3.7971529036026 -2.1922286823315 
941 1.882 1.0704604164411 1.6020742043359 -3.7943022981559 -2.19222809382 
942 1.884 1.0682802776834 1.5988113615329 -3.7910383924286 -2.1922270308957 
943 1.886 1.0658398984788 1.5951590372504 -3.7873845292515 -2.1922254920011 
944 1.888 1.0631603566627 1.5911487770323 -3.7833723073308 -2.1922235302985 
945 1.89 1.0602677741904 1.586819675562 -3.7790408713148 -2.1922211957527 
946 1.892 1.0571926844457 1.5822174297616 -3.7744360043291 -2.1922185745675 
947 1.894 1.0539692310343 1.5773931396899 -3.7696088929888 -2.1922157532989 
948 1.896 1.0506343023525 1.5724020133181 -3.7646148094385 -2.1922127961204 
949 1.898 1.0472267988782 1.5673022699427 -3.7595120219553 -2.1922097520126 
950 1.9 1.0437870868301 1.5621543225194 -3.7543609734603 -2.1922066509409 
951 1.902 1.0403566736776 1.5570202920243 -3.7492237541974 -2.1922034621731 
952 1.904 1.0369781996062 1.5519639946809 -3.7441641572478 -2.1922001625668 
953 1.906 1.03369563877 1.5470512431592 -3.7392479504983 -2.1921967073391 
954 1.908 1.0305545403996 1.5423502074224 -3.7345432544547 -2.1921930470323 
955 1.91 1.0276021423307 1.5379315846368 -3.7301207751033 -2.1921891904665 
956 1.912 1.0248870491566 1.5338681174877 -3.726053312659 -2.1921851951712 
957 1.914 1.0224581329337 1.5302329489515 -3.7224142314516 -2.1921812825001 
958 1.916 1.0203623479769 1.5270963518708 -3.7192740923304 -2.1921777404597 
959 1.918 1.0186414634129 1.5245208388241 -3.7166958178361 -2.192174979012 
960 1.92 1.0173280351467 1.5225551336824 -3.7147285513761 -2.1921734176937 
961 1.922 1.0164411868137 1.5212278572921 -3.7134012522792 -2.192173394987 
962 1.924 1.0159833254525 1.5205426120793 -3.7127176857677 -2.1921750736884 
963 1.926 1.0159387245182 1.5204758613566 -3.7126542030546 -2.192178341698 
964 1.928 1.0162745465689 1.5209784598987 -3.7131613007094 -2.1921828408107 
965 1.93 1.0169443518312 1.5219809049365 -3.7141689682755 -2.1921880633389 
966 1.932 1.0178933030586 1.5234011258613 -3.715594531815 -2.1921934059537 
967 1.934 1.0190640140047 1.525153237176 -3.7173515912506 -2.1921983540746 
968 1.936 1.0204018640203 1.5271554924357 -3.7193580257104 -2.1922025332747 
969 1.938 1.0218589537576 1.5293362044413 -3.7215419620245 -2.1922057575833 
970 1.94 1.0233963447496 1.5316370970408 -3.7238450936205 -2.1922079965797 
971 1.942 1.0249846914912 1.5340142511169 -3.7262235879641 -2.1922093368472 
972 1.944 1.026603725644 1.5364373326361 -3.7286472472549 -2.1922099146188 
973 1.946 1.0282411152109 1.538887885265 -3.7310977690931 -2.1922098838281 
974 1.948 1.0298911713338 1.5413573949354 -3.733566767023 -2.1922093720876 
975 1.95 1.0315536334233 1.5438454716436 -3.7360539532797 -2.1922084816361 
976 1.952 1.0332326639502 1.5463583450336 -3.7385656349008 -2.1922072898671 
977 1.954 1.0349360457609 1.5489076630814 -3.7411135243269 -2.1922058612454 
978 1.956 1.0366744045676 1.5515093284576 -3.7437136134695 -2.1922042850119 
979 1.958 1.0384602739066 1.5541820991237 -3.7463847694394 -2.1922026703157 
980 1.96 1.0403069310044 1.556945846064 -3.7491470025969 -2.1922011565329 
981 1.962 1.0422268988879 1.5598193115112 -3.7520192371387 -2.1921999256275 
982 1.964 1.0442302050892 1.5628175028869 -3.7550166563976 -2.1921991535107 
983 1.966 1.0463225680838 1.5659489785849 -3.7581479962296 -2.1921990176447 
984 1.968 1.0485036664766 1.5692132575984 -3.761412906993 -2.1921996493947 
985 1.97 1.0507658009821 1.5725988170104 -3.7647999444318 -2.1922011274214 
986 1.972 1.053093252883 1.5760821318486 -3.7682855974423 -2.1922034655937 
987 1.974 1.0554623446584 1.5796277658233 -3.7718343256455 -2.1922065598223 
988 1.976 1.0578423293498 1.5831897023715 -3.7753999713377 -2.1922102689662 
989 1.978 1.0601970448693 1.5867138205308 -3.778928183456 -2.1922143629252 
990 1.98 1.0624870427751 1.5901410809101 -3.7823596959647 -2.1922186150546 
991 1.982 1.0646720186115 1.5934111629895 -3.7856339465636 -2.1922227835741 
992 1.984 1.0667132944407 1.5964661805312 -3.7886928252845 -2.1922266447533 
993 1.986 1.0685761116667 1.5992541130688 -3.7914841157328 -2.192230002664 
994 1.988 1.0702316664209 1.6017318521097 -3.7939645439799 -2.1922326918702 
995 1.99 1.0716589268363 1.6038679209071 -3.796102467034 -2.1922345461269 
996 1.992 1.0728462850014 1.6056449468095 -3.7978803583481 -2.1922354115386 
997 1.994 1.0737931023536 1.6070619741306 -3.799297104392 -2.1922351302614 
998 1.996 1.0745111404945 1.6081366055374 -3.8003701814895 -2.1922335759521 
999 1.998 1.0750255684539 1.6089065095442 -3.8011372146507 -2.1922307051065 
