0 0 0.72821529701813 1.0898627587129 -3.2802123522028 -2.1903495934898 
1 0.003 0.72835207176265 1.0900674587529 -3.2804266822566 -2.1903592235037 
2 0.006 0.72851315036788 1.0903085324762 -3.2806680890711 -2.1903595565949 
3 0.009 0.72868949771369 1.0905724577269 -3.2809325436672 -2.1903600859403 
4 0.012 0.72887683776469 1.0908528348978 -3.2812136510263 -2.1903608161285 
5 0.015 0.72906927702017 1.0911408436484 -3.2815025965154 -2.190361752867 
6 0.018 0.72925925965072 1.091425175761 -3.281788078898 -2.190362903137 
7 0.021 0.72943751441297 1.0916919556924 -3.2820562304014 -2.190364274709 
8 0.024 0.72959299505485 1.0919246513828 -3.2822905277802 -2.1903658763974 
9 0.027 0.72971281565022 1.0921039774765 -3.2824716945599 -2.1903677170834 
10 0.03 0.72978218257961 1.0922077935229 -3.2825776003054 -2.1903698067825 
11 0.033 0.72978432771938 1.0922110039854 -3.2825831586686 -2.1903721546832 
12 0.036 0.72970044664976 1.092085465763 -3.2824602352408 -2.1903747694778 
13 0.039 0.72950964682961 1.0917999106267 -3.2821775694257 -2.190377658799 
14 0.042 0.72918891357211 1.0913198942988 -3.2817007215642 -2.1903808272654 
15 0.045 0.72871310229176 1.0906077848488 -3.2809920616006 -2.1903842767517 
16 0.048 0.72805496781508 1.0896228065611 -3.2800108108255 -2.1903880042644 
17 0.051 0.72718524386387 1.0883211588909 -3.2787131586105 -2.1903919997196 
18 0.054 0.72607278862979 1.0866562343344 -3.277052479695 -2.1903962453606 
19 0.057 0.72468481616955 1.0845789647402 -3.2749796772151 -2.1904007124749 
20 0.06 0.72298723334945 1.0820383255872 -3.2724436849817 -2.1904053593946 
21 0.063 0.72094510675574 1.0789820347729 -3.2693921629639 -2.190410128191 
22 0.066 0.71852328652152 1.0753574862467 -3.265772428442 -2.1904149421952 
23 0.069 0.71568721152979 1.0711129550936 -3.2615326574115 -2.190419702318 
24 0.072 0.71240391802369 1.0661991070422 -3.2566233941878 -2.1904242871456 
25 0.075 0.70864327539721 1.0605708479762 -3.2509993969805 -2.1904285490043 
26 0.078 0.7043794557368 1.0541895232818 -3.244621838508 -2.1904323152263 
27 0.081 0.69959262956197 1.0470254557296 -3.23746084658 -2.1904353908504 
28 0.084 0.69427086191523 1.0390607832042 -3.229498344482 -2.1904375612778 
29 0.087 0.68841215483781 1.0302925155174 -3.220731120613 -2.1904386050956 
30 0.09 0.68202654106266 1.0207356678742 -3.2111739714821 -2.1904383036079 
31 0.093 0.6751380983232 1.010426275531 -3.2008627372755 -2.1904364617445 
32 0.096 0.66778671722822 0.99942403963548 -3.1898569622055 -2.19043292257 
33 0.099 0.66002941877637 0.98781429904707 -3.1782418957101 -2.190427596663 
34 0.102 0.65194100203002 0.97570899965979 -3.1661294802794 -2.1904204806196 
35 0.105 0.6436138121888 0.96324634729607 -3.1536580223821 -2.1904116750861 
36 0.108 0.63515646095428 0.95058889257685 -3.1409902903849 -2.1904013978081 
37 0.111 0.62669141038753 0.93791991487052 -3.1283098954531 -2.1903899805826 
38 0.114 0.61835143261131 0.92543812380679 -3.1158159807207 -2.1903778569139 
39 0.117 0.61027508732454 0.91335089082693 -3.1037164275281 -2.1903655367011 
40 0.12 0.60260150496475 0.90186644155197 -3.0922200032613 -2.1903535617094 
41 0.123 0.59546484234548 0.89118555796975 -3.081528024962 -2.1903424669923 
42 0.126 0.58898884487407 0.88149344013248 -3.0718261770835 -2.190332736951 
43 0.129 0.58328195385451 0.87295238364036 -3.0632771475361 -2.1903247638957 
44 0.132 0.57843333611385 0.86569583749472 -3.0560146639597 -2.190318826465 
45 0.135 0.57451011009363 0.85982425260635 -3.0501393129456 -2.1903150603392 
46 0.138 0.57155587666982 0.85540288298895 -3.0457163590776 -2.1903134760887 
47 0.141 0.56959055718121 0.8524615433489 -3.0427755275041 -2.1903139841552 
48 0.144 0.56861143632277 0.85099616990199 -3.0413125444995 -2.1903163745975 
49 0.147 0.56859514495015 0.85097178788148 -3.0412921797756 -2.1903203918941 
50 0.15 0.56950032032766 0.85232649292281 -3.0426522316406 -2.1903257387178 
51 0.153 0.57127070245406 0.85497608509172 -3.045308181687 -2.1903320965953 
52 0.156 0.5738384156439 0.85881898016975 -3.049158146712 -2.1903391665423 
53 0.159 0.57712719316612 0.86374103571822 -3.0540876800918 -2.1903466443736 
54 0.162 0.58105537587528 0.86962003889442 -3.0599743340876 -2.1903542951931 
55 0.165 0.58553863419273 0.87632978022763 -3.0666916747265 -2.1903618944989 
56 0.168 0.59049232607558 0.88374358260636 -3.0741128582692 -2.1903692756629 
57 0.171 0.59583344678814 0.89173721934847 -3.0821135181083 -2.1903762987598 
58 0.174 0.601482162782 0.90019120983928 -3.090574072405 -2.1903828625658 
59 0.177 0.60736295899187 0.90899253659932 -3.0993814670173 -2.190388930418 
60 0.18 0.61340541697716 0.91803580986784 -3.1084302626254 -2.1903944527575 
61 0.183 0.61954462999257 0.92722388880645 -3.1176233275664 -2.19039943876 
62 0.186 0.62572135809041 0.93646811362855 -3.1268720361684 -2.1904039225398 
63 0.189 0.63188191566849 0.94568813730116 -3.1360960779195 -2.1904079406184 
64 0.192 0.63797784469701 0.9548114364891 -3.1452229872601 -2.190411550771 
65 0.195 0.6439655006235 0.96377269181153 -3.1541874903091 -2.1904147984976 
66 0.198 0.64980564315674 0.97251317540013 -3.1629309097623 -2.1904177343622 
67 0.201 0.65546314486039 0.98098031477417 -3.1714006915865 -2.1904203768123 
68 0.204 0.66090686222259 0.98912749988043 -3.1795502101243 -2.1904227102438 
69 0.207 0.66610980028626 0.99691432948247 -3.1873390390909 -2.1904247096085 
70 0.21 0.67104956451611 1.0043072874346 -3.1947335711687 -2.1904262837341 
71 0.213 0.67570901664923 1.0112807242419 -3.2017080910476 -2.1904273668057 
72 0.216 0.68007710773245 1.0178181038023 -3.2082459689692 -2.1904278651669 
73 0.219 0.68414969980774 1.0239132331582 -3.2143409406995 -2.1904277075413 
74 0.222 0.68793020031135 1.0295712119525 -3.2199980744403 -2.1904268624878 
75 0.225 0.6914298870213 1.0348089187515 -3.2252342386881 -2.1904253199367 
76 0.228 0.69466778260529 1.039654823291 -3.2300779611755 -2.1904231378845 
77 0.231 0.6976700535893 1.0441480869597 -3.2345685089972 -2.1904204220375 
78 0.234 0.70046889798876 1.0483368980034 -3.2387542220528 -2.1904173240494 
79 0.237 0.70310099687957 1.0522761541137 -3.2426901740758 -2.1904140199621 
80 0.24 0.70560567331362 1.05602470702 -3.2464353942967 -2.1904106872766 
81 0.243 0.70802286383355 1.0596423266158 -3.2500498440427 -2.1904075174269 
82 0.246 0.7103911469972 1.0631867504046 -3.2535914452874 -2.1904046948828 
83 0.249 0.71274594077316 1.0667109856842 -3.2571133352322 -2.1904023495481 
84 0.252 0.71511800408879 1.0702610669302 -3.2606616556841 -2.1904005887539 
85 0.255 0.71753236926739 1.073874458059 -3.2642739142944 -2.1903994562354 
86 0.258 0.72000773756698 1.0775791477776 -3.2679781004418 -2.1903989526642 
87 0.261 0.72255643607015 1.0813935850644 -3.2717926161229 -2.1903990310584 
88 0.264 0.72518484854927 1.0853273240112 -3.2757269389842 -2.190399614973 
89 0.267 0.72789421696611 1.0893822233648 -3.2797828082628 -2.190400584898 
90 0.27 0.73068171834594 1.0935540582002 -3.2839558899842 -2.1904018317841 
91 0.273 0.73354160837915 1.0978342314593 -3.2882374660605 -2.1904032346012 
92 0.276 0.73646634018147 1.1022114483121 -3.2926161514514 -2.1904047031393 
93 0.279 0.73944752451707 1.1066731532468 -3.2970793306015 -2.1904061773546 
94 0.282 0.74247660753618 1.1112065443869 -3.3016141563729 -2.190407611986 
95 0.285 0.74554524750293 1.1157991373101 -3.3062081445609 -2.1904090072507 
96 0.288 0.74864539651727 1.1204388873552 -3.3108492793768 -2.1904103920215 
97 0.291 0.75176907775797 1.1251138562391 -3.3155256741383 -2.1904118178992 
98 0.294 0.75490787590546 1.1298114494126 -3.3202248054541 -2.1904133560415 
99 0.297 0.75805216214614 1.1345172561849 -3.3249323614384 -2.1904151052534 
100 0.3 0.76119005084715 1.1392134882611 -3.3296306946041 -2.190417206343 
101 0.303 0.76430622318507 1.1438772191587 -3.334297013194 -2.1904197940352 
102 0.306 0.76738067914895 1.148478516429 -3.3389015080317 -2.1904229916027 
103 0.309 0.77038765208752 1.1529788171445 -3.3434057133922 -2.1904268962477 
104 0.312 0.77329489498127 1.1573298597186 -3.3477613819193 -2.1904315222007 
105 0.315 0.77606360478785 1.1614735706791 -3.3519103723667 -2.1904368016876 
106 0.318 0.77864933620178 1.1653434322209 -3.3557859971204 -2.1904425648995 
107 0.321 0.78100401285949 1.1688674922188 -3.3593159955758 -2.1904485033571 
108 0.324 0.78307910380549 1.1719731181954 -3.3624273253997 -2.1904542072043 
109 0.327 0.78482979960848 1.174593247387 -3.3650524408896 -2.1904591935026 
110 0.33 0.78621981053551 1.1766735677947 -3.3671365374257 -2.190462969631 
111 0.333 0.78722618418255 1.1781797283543 -3.3686448592452 -2.1904651308909 
112 0.336 0.78784312791471 1.1791030596832 -3.3695685093752 -2.190465449692 
113 0.339 0.78808389399361 1.1794633954026 -3.3699273847886 -2.190463989386 
114 0.342 0.78798004562473 1.1793079736884 -3.3697690567092 -2.1904610830209 
115 0.345 0.78757789295424 1.1787061033065 -3.3691634034165 -2.19045730011 
116 0.348 0.78693280366418 1.1777406487271 -3.3681939112371 -2.19045326251 
117 0.351 0.7861030168028 1.1764987717691 -3.3669482303645 -2.1904494585954 
118 0.354 0.78514488872019 1.1750648165643 -3.3655108578228 -2.1904460412584 
119 0.357 0.78411087987076 1.1735172965633 -3.363960176415 -2.1904428798516 
120 0.36 0.78305044760496 1.1719302307061 -3.3623698837712 -2.1904396530651 
121 0.363 0.78201267786085 1.1703770820688 -3.3608131655916 -2.1904360835228 
122 0.366 0.78104869916196 1.1689343707052 -3.3593664703255 -2.1904320996202 
123 0.369 0.78021220988598 1.1676824627685 -3.3581103617146 -2.190427898946 
124 0.372 0.77955751434196 1.1667026312618 -3.3571265386186 -2.1904239073568 
125 0.375 0.77913549969658 1.1660710350189 -3.3564916773052 -2.1904206422863 
126 0.378 0.77898888007558 1.1658516009239 -3.3562701309041 -2.1904185299802 
127 0.381 0.77914810616356 1.1660899021299 -3.3565077213086 -2.1904178191787 
128 0.384 0.7796290008769 1.1668096195556 -3.3572281488172 -2.1904185292616 
129 0.387 0.78043258621091 1.1680122827413 -3.3584327680949 -2.1904204853536 
130 0.39 0.78154682407849 1.1696798752256 -3.3601032245829 -2.1904233493573 
131 0.393 0.78294976033455 1.1717795399602 -3.3622062845171 -2.1904267445569 
132 0.396 0.78461324952541 1.1742691538505 -3.3646994887746 -2.1904303349241 
133 0.399 0.7865065079632 1.1771026453639 -3.3675364973069 -2.190433851943 
134 0.402 0.78859886518969 1.1802341124292 -3.3706712216146 -2.1904371091854 
135 0.405 0.7908614650601 1.1836203683163 -3.3740604507008 -2.1904400823845 
136 0.408 0.79326805003358 1.1872221154219 -3.3776648911566 -2.1904427757347 
137 0.411 0.79579503218587 1.1910040515485 -3.3814492804841 -2.1904452289356 
138 0.414 0.79842141664229 1.1949347553126 -3.3853821837151 -2.1904474284025 
139 0.417 0.80112894018884 1.1989868935934 -3.3894362303167 -2.1904493367232 
140 0.42 0.8039026369889 1.2031380681962 -3.39358893444 -2.1904508662438 
141 0.423 0.80673171491093 1.2073721273836 -3.3978240492807 -2.1904519218971 
142 0.426 0.80961023443792 1.2116801819459 -3.4021326921691 -2.1904525102232 
143 0.429 0.8125371274036 1.2160606332425 -3.4065133722903 -2.1904527390477 
144 0.432 0.81551490637335 1.2205172416331 -3.410970144393 -2.19045290276 
145 0.435 0.81854686919284 1.2250549427447 -3.4155083487927 -2.190453406048 
146 0.438 0.8216332708483 1.2296741181953 -3.4201287879337 -2.1904546697385 
147 0.441 0.82476741900771 1.234364752096 -3.4248217250898 -2.1904569729938 
148 0.444 0.82793322735561 1.2391027693194 -3.4295630894635 -2.1904603201441 
149 0.447 0.83110576383469 1.2438508560093 -3.4343151123169 -2.1904642563076 
150 0.45 0.83425554232884 1.248564882607 -3.4390328925113 -2.1904680099043 
151 0.453 0.83735590734972 1.2532049559322 -3.4436756374784 -2.1904706815462 
152 0.456 0.84039141659284 1.2577479646981 -3.4482195151961 -2.1904715504981 
153 0.459 0.84336427218516 1.2621972046555 -3.4526675492255 -2.19047034457 
154 0.462 0.84629641496322 1.2665855129348 -3.457052833121 -2.1904673201861 
155 0.465 0.84922675530501 1.270971123649 -3.4614342001636 -2.1904630765146 
156 0.468 0.85220458014796 1.2754278006944 -3.4658862213533 -2.1904584206589 
157 0.471 0.85528060954685 1.2800314528015 -3.4704858208885 -2.190454368087 
158 0.474 0.85849580754132 1.2848433876379 -3.4752956770789 -2.1904522894411 
159 0.477 0.86186715822985 1.2898890239724 -3.4803428406174 -2.190453816645 
160 0.48 0.86537213534604 1.2951346485078 -3.4855948391206 -2.1904601906129 
161 0.483 0.8689380292544 1.3004714424314 -3.4909427924352 -2.1904713500037 
162 0.486 0.87244390558495 1.3057184127504 -3.4962039256556 -2.1904855129051 
163 0.489 0.87573857787408 1.3106492905345 -3.5011490104505 -2.190499719916 
164 0.492 0.87866934186009 1.3150355352838 -3.5055466338212 -2.1905110985374 
165 0.495 0.88111058318327 1.3186891498317 -3.5092069812325 -2.1905178314008 
166 0.498 0.88298277361748 1.3214911105154 -3.5120106554543 -2.190519544939 
167 0.501 0.88425784861741 1.3233994153294 -3.5139164749567 -2.1905170596273 
168 0.504 0.88495305630908 1.3244398781923 -3.514951689564 -2.1905118113716 
169 0.507 0.88511794549574 1.3246866549142 -3.5151920424123 -2.1905053874981 
170 0.51 0.88481928189818 1.3242396685165 -3.514738820897 -2.1904991523805 
171 0.513 0.88412776384946 1.3232047276531 -3.5136987279772 -2.1904940003241 
172 0.516 0.88310877419929 1.3216796857104 -3.5121699977873 -2.1904903120768 
173 0.519 0.8818182739608 1.3197482951508 -3.5102361880569 -2.1904878929061 
174 0.522 0.88030390855554 1.3174818631422 -3.5079679558716 -2.1904860927294 
175 0.525 0.87861031745788 1.3149471980873 -3.50543123233 -2.1904840342427 
176 0.528 0.87678682059818 1.3122181132601 -3.5026989365258 -2.1904808232657 
177 0.531 0.87489521283747 1.3093870921858 -3.4998628704682 -2.1904757782824 
178 0.534 0.87301541586467 1.3065737473921 -3.497042352933 -2.1904686055409 
179 0.537 0.87124713203735 1.3039272955829 -3.4943868956565 -2.1904596000736 
180 0.54 0.86970631851346 1.3016212807482 -3.4920708126162 -2.1904495318681 
181 0.543 0.86851641930627 1.2998404518672 -3.4902801255884 -2.1904396737212 
182 0.546 0.86779544499172 1.2987614261194 -3.4891929080899 -2.1904314819705 
183 0.549 0.86764121222918 1.2985305980322 -3.4889568951529 -2.1904262971208 
184 0.552 0.86811780593957 1.2992438784839 -3.4896689198051 -2.1904250413212 
185 0.555 0.86924635795126 1.3009328938257 -3.4913608629064 -2.1904279690807 
186 0.558 0.87100249234798 1.3035611625343 -3.4939957429731 -2.1904345804388 
187 0.561 0.8733212173195 1.3070314164613 -3.4974751091776 -2.1904436927164 
188 0.564 0.87610825506159 1.3112025574064 -3.5016563283097 -2.1904537709033 
189 0.567 0.87925503239651 1.3159120924042 -3.5063754335945 -2.1904633411903 
190 0.57 0.88265360249887 1.320998465902 -3.5114697815246 -2.1904713156226 
191 0.573 0.88620792325058 1.3263179391892 -3.5167951816513 -2.1904772424621 
192 0.576 0.88983927688125 1.3317527015486 -3.5222339555694 -2.1904812540208 
193 0.579 0.89348592977654 1.3372103611183 -3.5276942804953 -2.190483919377 
194 0.582 0.89709896056524 1.3426177011162 -3.5331035784215 -2.1904858773053 
195 0.585 0.90063725440525 1.3479131881808 -3.5384006956925 -2.1904875075117 
196 0.588 0.90406432009779 1.353042208795 -3.5435310661015 -2.1904888573065 
197 0.591 0.90734812641603 1.3579568243321 -3.5484465258206 -2.1904897014885 
198 0.594 0.91046351124543 1.3626193766274 -3.5531090533475 -2.1904896767201 
199 0.597 0.91339558842043 1.3670075867238 -3.5574960943207 -2.1904885075969 
200 0.6 0.91614258225716 1.3711187970943 -3.5616048372752 -2.1904860401809 
201 0.603 0.918716998897 1.3749717247006 -3.5654541208823 -2.1904823961818 
202 0.606 0.92114461961275 1.3786049543529 -3.5690828222203 -2.1904778678675 
203 0.609 0.92346145362109 1.3820723782234 -3.5725452707958 -2.1904728925723 
204 0.612 0.92570931607066 1.3854365777679 -3.5759045580383 -2.1904679802704 
205 0.615 0.9279307360338 1.3887612029155 -3.5792248032219 -2.1904636003064 
206 0.618 0.93016416227809 1.392103796923 -3.5825639070198 -2.1904601100969 
207 0.621 0.93244034536724 1.3955103817489 -3.5859680489455 -2.1904576671966 
208 0.624 0.93478038528719 1.3990125360886 -3.589468809863 -2.1904562737744 
209 0.627 0.93719552443068 1.40262708555 -3.5930828805247 -2.1904557949748 
210 0.63 0.93968836147535 1.4063579193702 -3.5968139382605 -2.1904560188903 
211 0.633 0.94225461627044 1.4101986317831 -3.6006554121296 -2.1904567803465 
212 0.636 0.94488440437893 1.4141344295266 -3.6045925048799 -2.1904580753533 
213 0.639 0.94756242871331 1.4181424186486 -3.6086024680345 -2.1904600493858 
214 0.642 0.95026682453057 1.4221898759022 -3.6126527739078 -2.1904628980056 
215 0.645 0.95296706516185 1.4262311144145 -3.6166980075342 -2.1904668931196 
216 0.648 0.95562194879089 1.4302044706566 -3.6206766246666 -2.19047215401 
217 0.651 0.95817882683108 1.4340311496154 -3.6245097216617 -2.1904785720463 
218 0.654 0.96057499005278 1.437617299302 -3.6281030369024 -2.1904857376005 
219 0.657 0.96274167235445 1.4408600028818 -3.6313530210347 -2.1904930181529 
220 0.66 0.96461059930967 1.4436570793722 -3.6341566735649 -2.1904995941926 
221 0.663 0.96612219191334 1.445919361546 -3.6364239566076 -2.1905045950617 
222 0.666 0.96723412006902 1.4475834972655 -3.638090742902 -2.1905072456366 
223 0.669 0.96792872520566 1.4486230583314 -3.639130077394 -2.1905070190626 
224 0.672 0.96821778933791 1.4490556779618 -3.6395595137762 -2.1905038358144 
225 0.675 0.96814336993873 1.4489443002799 -3.6394423652209 -2.190498064941 
226 0.678 0.96777375316701 1.4483911238276 -3.6388817202355 -2.1904905964079 
227 0.681 0.96719436986727 1.4475240062541 -3.6380067854347 -2.1904827791807 
228 0.684 0.9664945826881 1.4464766896312 -3.6369528175096 -2.1904761278784 
229 0.687 0.96575239670711 1.4453659180448 -3.635838074817 -2.1904721567722 
230 0.69 0.9650201733711 1.4442700567682 -3.6347419817195 -2.1904719249512 
231 0.693 0.96431459129343 1.443214067375 -3.6336898600352 -2.1904757926602 
232 0.696 0.96361328293773 1.4421644741264 -3.6326478040341 -2.1904833299077 
233 0.699 0.9628590957263 1.441035741239 -3.631529201698 -2.190493460459 
234 0.702 0.96197105922958 1.4397066866172 -3.6302112787736 -2.1905045921564 
235 0.705 0.96086003223967 1.4380438996019 -3.6285588443877 -2.1905149447858 
236 0.708 0.959446361142 1.4359281688713 -3.6264509586575 -2.1905227897862 
237 0.711 0.95767675054808 1.4332797313946 -3.6238064679792 -2.1905267365846 
238 0.714 0.9555373554303 1.4300778664041 -3.6206039472527 -2.1905260808485 
239 0.717 0.95305984184311 1.4263699660017 -3.6168910764477 -2.190521110446 
240 0.72 0.95031762035894 1.4222658980372 -3.6127791270816 -2.1905132290444 
241 0.723 0.94741160787571 1.4179166969221 -3.6084213196107 -2.1905046226886 
242 0.726 0.94444855130838 1.4134821223973 -3.6039797800029 -2.1904976576056 
243 0.729 0.94151850904913 1.4090969577999 -3.5995908389274 -2.1904938811276 
244 0.732 0.93867942246231 1.4048479194284 -3.59534159834 -2.1904936789116 
245 0.735 0.9359534129687 1.4007681146795 -3.5912643734384 -2.1904962587589 
246 0.738 0.9333338371575 1.396847600881 -3.5873478664804 -2.1905002655994 
247 0.741 0.9307982485186 1.3930527841005 -3.5835571391467 -2.1905043550462 
248 0.744 0.9283217485422 1.3893464006898 -3.5798539309971 -2.1905075303073 
249 0.747 0.92588722629545 1.385702842057 -3.5762120738358 -2.1905092317788 
250 0.75 0.92349185875942 1.3821178832109 -3.5726270529741 -2.1905091697632 
251 0.753 0.92115027405579 1.3786134169146 -3.5691207245399 -2.1905073076254 
252 0.756 0.91889479334354 1.3752378157135 -3.5657416801089 -2.1905038643955 
253 0.759 0.91677310381015 1.3720624492834 -3.5625617661146 -2.1904993168312 
254 0.762 0.91484351575687 1.3691745860821 -3.5596689220523 -2.1904943359702 
255 0.765 0.91316810385642 1.3666671284067 -3.557156852785 -2.1904897243783 
256 0.768 0.91180449397608 1.3646263203764 -3.5551126442922 -2.1904863239158 
257 0.771 0.91079728632312 1.3631189116255 -3.5536038432133 -2.1904849315878 
258 0.774 0.91017063232702 1.3621810477056 -3.5526670391192 -2.1904859914135 
259 0.777 0.90992399252986 1.3618119212525 -3.552301346427 -2.1904894251745 
260 0.78 0.9100330233072 1.3619750990712 -3.55246964205 -2.1904945429788 
261 0.783 0.91045633298653 1.36260863349 -3.5531087864728 -2.1905001529828 
262 0.786 0.91114670180504 1.3636418543906 -3.5541468249824 -2.1905049705918 
263 0.789 0.91206309665672 1.3650133507396 -3.5555214885784 -2.1905081378387 
264 0.792 0.91317873047787 1.3666830324382 -3.5571925981161 -2.190509565678 
265 0.795 0.91448234802759 1.3686340546494 -3.5591439464225 -2.1905098917731 
266 0.798 0.91597300770907 1.3708650081592 -3.5613750942198 -2.1905100860606 
267 0.801 0.91765159281835 1.3733772149275 -3.5638881451098 -2.1905109301823 
268 0.804 0.91951373952118 1.3761641439455 -3.5666768533502 -2.1905127094046 
269 0.807 0.92154719801432 1.3792074618931 -3.5697226446857 -2.1905151827926 
270 0.81 0.923733857979 1.3824800644753 -3.5729978908785 -2.1905178264031 
271 0.813 0.92605455408289 1.3859532684416 -3.5764733348653 -2.1905200664237 
272 0.816 0.92849410540101 1.3896043536914 -3.5801258584129 -2.1905215047216 
273 0.819 0.93104527729309 1.3934224927055 -3.583944297552 -2.1905218048464 
274 0.822 0.93371172798703 1.3974131604671 -3.5879338290133 -2.1905206685462 
275 0.825 0.93651023176191 1.4016014617248 -3.5921193457604 -2.1905178840357 
276 0.828 0.9394716072468 1.4060335203052 -3.5965471050744 -2.1905135847692 
277 0.831 0.9426383236434 1.4107728965339 -3.6012813638886 -2.1905084673547 
278 0.834 0.94605644633856 1.4158885328648 -3.606392449486 -2.1905039166212 
279 0.837 0.94976192906419 1.4214342384305 -3.6119358266033 -2.1905015881728 
280 0.84 0.95376499003418 1.4274253060309 -3.6179279735903 -2.1905026675594 
281 0.843 0.95803918055332 1.4338221519768 -3.6243293814924 -2.1905072295157 
282 0.846 0.96252114076487 1.4405299505366 -3.6310440318552 -2.1905140813185 
283 0.849 0.9671223930417 1.4474162841807 -3.6379375329702 -2.1905212487896 
284 0.852 0.97174822403294 1.4543394028601 -3.6448663626873 -2.1905269598272 
285 0.855 0.97631526967174 1.4611745421101 -3.6517048929676 -2.1905303508575 
286 0.858 0.98076091692231 1.4678279939074 -3.6583597082027 -2.1905317142954 
287 0.861 0.98504192876476 1.4742350487932 -3.6647672573021 -2.1905322085089 
288 0.864 0.98912482728361 1.4803456029954 -3.6708788740313 -2.1905332710359 
289 0.867 0.99297335132028 1.48610538728 -3.6766414507872 -2.1905360635072 
290 0.87 0.99653831810241 1.4914407936465 -3.6819818606725 -2.190541067026 
291 0.873 0.99975348944619 1.4962526885968 -3.6868007145812 -2.1905480259843 
292 0.876 1.0025381154247 1.5004202200443 -3.6909763701286 -2.1905561500843 
293 0.879 1.0048048864812 1.5038127186188 -3.6943770480315 -2.1905643294127 
294 0.882 1.0064708823048 1.50630608399 -3.6968774661507 -2.1905713821608 
295 0.885 1.007469317003 1.5078003629471 -3.6983765535661 -2.190576190619 
296 0.888 1.0077604695492 1.5082361081429 -3.6988139420654 -2.1905778339225 
297 0.891 1.0073406725658 1.5076078309009 -3.6981834347163 -2.1905756038154 
298 0.894 1.0062485843901 1.5059733881243 -3.6965425398049 -2.1905691516806 
299 0.897 1.0045680028053 1.5034581933876 -3.694016719362 -2.1905585259743 
300 0.9 1.0024264516229 1.5002531015843 -3.6907973273874 -2.1905442258031 
301 0.903 0.99998912197238 1.4966053413303 -3.6871325360704 -2.1905271947401 
302 0.906 0.99744812227592 1.492802426244 -3.6833113071964 -2.1905088809524 
303 0.909 0.99500712558329 1.4891491778155 -3.6796402861313 -2.1904911083157 
304 0.912 0.99286251845102 1.4859395124115 -3.6764154037439 -2.1904758913324 
305 0.915 0.99118301552636 1.4834259320209 -3.6738910583831 -2.1904651263623 
306 0.918 0.9900904919513 1.4817908376163 -3.6722511268594 -2.1904602892431 
307 0.921 0.98964559147902 1.48112498995 -3.6715870421468 -2.1904620521968 
308 0.924 0.98984162103963 1.4814183720289 -3.6718883536344 -2.1904699816055 
309 0.927 0.99060883972895 1.4825666081079 -3.6730492154443 -2.1904826073364 
310 0.93 0.99182898977888 1.4843927110542 -3.6748904361278 -2.1904977250736 
311 0.933 0.99335701785657 1.4866795909137 -3.6771924671528 -2.1905128762391 
312 0.936 0.99504489834284 1.4892057093442 -3.679731720164 -2.1905260108198 
313 0.939 0.99676211310017 1.491775730079 -3.6823116410279 -2.1905359109489 
314 0.942 0.99840789188876 1.4942388381984 -3.6847813006755 -2.1905424624772 
315 0.945 0.9999128871115 1.4964912465892 -3.6870378402238 -2.1905465936347 
316 0.948 1.0012312126513 1.4984642810963 -3.6890141288264 -2.1905498477301 
317 0.951 1.0023265683534 1.5001036141234 -3.6906573688211 -2.1905537546977 
318 0.954 1.0031585607093 1.5013487918724 -3.6919079264416 -2.1905591345692 
319 0.957 1.0036756066926 1.5021226140703 -3.6926883288545 -2.1905657147842 
320 0.96 1.0038182316033 1.5023360695955 -3.6929081517026 -2.1905720821071 
321 0.963 1.0035324456398 1.5019083561433 -3.6924845939086 -2.1905762377653 
322 0.966 1.0027889727296 1.5007956585109 -3.6913718490106 -2.1905761904997 
323 0.969 1.0016019448905 1.4990191269814 -3.6895897508297 -2.1905706238483 
324 0.972 1.0000410885825 1.4966831156827 -3.6872424228653 -2.1905593071826 
325 0.975 0.9982334926045 1.4939778284588 -3.6845210334355 -2.1905432049768 
326 0.978 0.99635363780956 1.4911643971271 -3.6816887478635 -2.1905243507364 
327 0.981 0.99460270919391 1.4885439195031 -3.6790494568726 -2.1905055373695 
328 0.984 0.99318023675358 1.4864150164927 -3.6769049055987 -2.190489889106 
329 0.987 0.99225325769053 1.4850276795841 -3.675507768342 -2.1904800887578 
330 0.99 0.99192973220456 1.4845434843467 -3.6750212052684 -2.1904777209217 
331 0.993 0.99224285928135 1.4850121171001 -3.6754949016119 -2.1904827845118 
332 0.996 0.99315070769353 1.486370822663 -3.6768644918111 -2.1904936691482 
333 0.999 0.99455105416992 1.4884666114773 -3.6789743907547 -2.1905077792774 
334 1.002 0.99630663948803 1.491094058423 -3.681616227732 -2.190522169309 
335 1.005 0.99827371992614 1.4940380335381 -3.6845723585946 -2.1905343250565 
336 1.008 1.0003271368248 1.4971112216668 -3.6876538425735 -2.1905426209066 
337 1.011 1.0023773255055 1.5001795783748 -3.6907260164967 -2.1905464381219 
338 1.014 1.0043771429323 1.503172548375 -3.6937187598387 -2.1905462114636 
339 1.017 1.0063185035134 1.5060780305961 -3.6966212621199 -2.1905432315238 
340 1.02 1.0082205649618 1.5089246968854 -3.6994640271278 -2.1905393302424 
341 1.023 1.0101126317105 1.511756404891 -3.7022928491472 -2.1905364442561 
342 1.026 1.0120160364546 1.5146050815858 -3.7051411955094 -2.1905361139236 
343 1.029 1.0139298264534 1.5174693010772 -3.7080083640664 -2.1905390629892 
344 1.032 1.0158243278411 1.5203046528162 -3.7108496020656 -2.1905449492494 
345 1.035 1.017644550574 1.5230288375145 -3.7135813498828 -2.1905525123683 
346 1.038 1.0193222940182 1.5255397846286 -3.7160996860458 -2.1905599014172 
347 1.041 1.0207933806634 1.5277414447091 -3.7183067432371 -2.1905652985279 
348 1.044 1.0220148277644 1.5295694888501 -3.7201369143174 -2.1905674254674 
349 1.047 1.0229765949539 1.5310088904209 -3.7215748167042 -2.1905659262834 
350 1.05 1.0237045579893 1.5320983756394 -3.7226598061428 -2.1905614305034 
351 1.053 1.0242540222721 1.5329207157654 -3.7234760091594 -2.190555293394 
352 1.056 1.024696480564 1.5335829084117 -3.7241319598339 -2.1905490514222 
353 1.059 1.0251049281394 1.5341941998843 -3.7247379388739 -2.1905437389895 
354 1.062 1.025543473479 1.5348505363217 -3.7253900808793 -2.1905395445576 
355 1.065 1.0260649887649 1.5356310473744 -3.7261668865426 -2.1905358391682 
356 1.068 1.0267162823017 1.5366057873637 -3.7271374445095 -2.1905316571457 
357 1.071 1.0275463411155 1.5378480713317 -3.7283744001895 -2.1905263288579 
358 1.074 1.0286121115482 1.5394431264049 -3.729963023731 -2.1905198973261 
359 1.077 1.0299772388412 1.5414862054279 -3.731999624562 -2.1905134191341 
360 1.08 1.0317019761003 1.5440674845015 -3.7345761335114 -2.1905086490099 
361 1.083 1.0338261203847 1.547246524765 -3.7377541974944 -2.1905076727294 
362 1.086 1.0363497421967 1.5510234317335 -3.7415355338964 -2.1905121021629 
363 1.089 1.0392185898468 1.5553170111558 -3.745839433117 -2.1905224219611 
364 1.092 1.042320540098 1.5599594569711 -3.7504970360231 -2.190537579052 
365 1.095 1.0454964939811 1.5647126582217 -3.7552677957674 -2.1905551375457 
366 1.098 1.0485645060429 1.5693043114088 -3.759876245121 -2.1905719337122 
367 1.101 1.0513510707218 1.5734747443573 -3.7640596073901 -2.1905848630328 
368 1.104 1.0537215418582 1.5770224427134 -3.7676141383955 -2.1905916956821 
369 1.107 1.0556026253813 1.5798377129863 -3.7704291790008 -2.1905914660146 
370 1.11 1.0569929471473 1.5819184986022 -3.7725028764797 -2.1905843778775 
371 1.113 1.0579612427331 1.583367670712 -3.7739394029832 -2.1905717322711 
372 1.116 1.0586342543956 1.5843749145177 -3.7749303701977 -2.19055545568 
373 1.119 1.0591770834414 1.5851873242045 -3.7757252910377 -2.1905379668332 
374 1.122 1.0597687795832 1.5860728694438 -3.7765947534821 -2.1905218840383 
375 1.125 1.0605755519609 1.5872803024279 -3.777790170445 -2.1905098680171 
376 1.128 1.0617237642153 1.5889987417142 -3.7795029957991 -2.1905042540849 
377 1.131 1.063276394906 1.5913224423762 -3.7818290671437 -2.1905066247675 
378 1.134 1.0652177238769 1.5942278772887 -3.7847451710934 -2.1905172938047 
379 1.137 1.0674508324603 1.5975699958781 -3.788104939453 -2.1905349435749 
380 1.14 1.0698105837284 1.6011016506475 -3.7916585321527 -2.1905568815052 
381 1.143 1.0720904475442 1.6045137441287 -3.7950933344425 -2.1905795903138 
382 1.146 1.0740774371308 1.6074875157059 -3.7980869511388 -2.190599435433 
383 1.149 1.0755882769417 1.6097486712336 -3.8003620288867 -2.1906133576531 
384 1.152 1.0765008303475 1.6111144183917 -3.8017334065905 -2.1906189881988 
385 1.155 1.0767771716775 1.6115279968011 -3.8021430546944 -2.1906150578933 
386 1.158 1.0764759558509 1.6110771906823 -3.8016787551176 -2.1906015644353 
387 1.161 1.0757502178085 1.6099910354364 -3.8005714346644 -2.190580399228 
388 1.164 1.0748259319567 1.608607729246 -3.7991634111042 -2.1905556818582 
389 1.167 1.0739600266939 1.6073117967074 -3.7978447845812 -2.1905329878738 
390 1.17 1.0733859366566 1.6064526011448 -3.7969698131489 -2.1905172120041 
391 1.173 1.0732662472704 1.6062734714215 -3.796783784807 -2.1905103133855 
392 1.176 1.0736734296658 1.6068828693985 -3.7973933454839 -2.1905104760855 
393 1.179 1.0746048991427 1.6082769267574 -3.7987906979331 -2.1905137711757 
394 1.182 1.0760183644497 1.6103923494973 -3.8009091948509 -2.1905168453535 
395 1.185 1.077863948961 1.6131544911815 -3.803673096956 -2.1905186057745 
396 1.188 1.0800971609388 1.6164967645131 -3.8070168857784 -2.1905201212652 
397 1.191 1.0826725020307 1.6203510756743 -3.8108743917332 -2.1905233160589 
398 1.194 1.0855282741549 1.6246250859818 -3.8151547063817 -2.1905296203999 
399 1.197 1.0885745914596 1.6291842703264 -3.8197235721117 -2.1905393017853 
400 1.2 1.091691869543 1.6338496561066 -3.8244010347831 -2.1905513786765 
401 1.203 1.0947404304048 1.6384121982072 -3.8289763162621 -2.1905641180549 
402 1.206 1.0975771104474 1.6426576348926 -3.8332333251668 -2.1905756902742 
403 1.209 1.1000729815563 1.646393009559 -3.8369776906047 -2.1905846810458 
404 1.212 1.1021272377511 1.6494674537964 -3.8400578768819 -2.1905904230855 
405 1.215 1.1036744047534 1.6517829773843 -3.8423759432746 -2.1905929658902 
406 1.218 1.1046842218108 1.6532942914262 -3.8438872638428 -2.1905929724165 
407 1.221 1.1051560006533 1.6540003658427 -3.8445917319567 -2.1905913661141 
408 1.224 1.1051102147839 1.6539318417206 -3.8445208833722 -2.1905890416516 
409 1.227 1.1045800828291 1.6531384347747 -3.8437250585581 -2.1905866237834 
410 1.23 1.1036052732949 1.6516795137488 -3.8422639633966 -2.1905844496478 
411 1.233 1.1022286859182 1.6496192833168 -3.8402017570707 -2.1905824737539 
412 1.236 1.1004963289223 1.6470266003803 -3.8376069986144 -2.1905803982341 
413 1.239 1.0984597617455 1.6439786299097 -3.8345563501783 -2.1905777202686 
414 1.242 1.0961802092102 1.6405670022977 -3.8311408550745 -2.1905738527768 
415 1.245 1.0937333544687 1.6369049865866 -3.8274732236034 -2.1905682370168 
416 1.248 1.0912133365332 1.6331334732575 -3.8236941127778 -2.1905606395202 
417 1.251 1.0887335007739 1.6294220974419 -3.8199735329582 -2.1905514355162 
418 1.254 1.0864210024263 1.6259611624151 -3.8165030953528 -2.1905419329377 
419 1.257 1.0844031153616 1.622941149004 -3.8134753911866 -2.1905342421825 
420 1.26 1.0827865218103 1.6205217201417 -3.8110524282218 -2.19053070808 
421 1.263 1.0816356476563 1.6187992969991 -3.8093320984128 -2.1905328014137 
422 1.266 1.0809600148783 1.6177881303753 -3.8083281580235 -2.1905400276482 
423 1.269 1.0807202603665 1.617429308589 -3.8079787691499 -2.1905494605609 
424 1.272 1.0808552787305 1.6176313799919 -3.8081881605347 -2.1905567805428 
425 1.275 1.0813202877767 1.6183273225847 -3.8088859919618 -2.1905586693771 
426 1.278 1.0821134849476 1.6195144386209 -3.8100700040963 -2.1905555654754 
427 1.281 1.0832675758657 1.6212416760423 -3.8117942800019 -2.1905526039596 
428 1.284 1.0848008520064 1.6235364102663 -3.8140931541261 -2.1905567438598 
429 1.287 1.0866553134784 1.6263118374018 -3.8168831504225 -2.1905713130207 
430 1.29 1.088668650995 1.6293250418607 -3.8199178800062 -2.1905928381454 
431 1.293 1.0906071917513 1.632226303871 -3.8228394565582 -2.1906131526872 
432 1.296 1.0922412410701 1.6346718574123 -3.8252968144357 -2.1906249570234 
433 1.299 1.0934154363716 1.6364291834886 -3.827054868447 -2.1906256849584 
434 1.302 1.0940781250469 1.6374209776884 -3.8280385454784 -2.19061756779 
435 1.305 1.0942661441171 1.6377023710941 -3.8283076258395 -2.1906052547454 
436 1.308 1.0940645131758 1.6374006058679 -3.8279939043023 -2.1905932984344 
437 1.311 1.0935643398608 1.63665203567 -3.8272367105106 -2.1905846748405 
438 1.314 1.0928338481761 1.6355587660202 -3.8261392106218 -2.1905804446015 
439 1.317 1.0919070917498 1.6341717623147 -3.8247518156243 -2.1905800533096 
440 1.32 1.0907876615358 1.6324963988526 -3.8230784753692 -2.1905820765166 
441 1.323 1.0894614527392 1.6305115660928 -3.8210963791812 -2.1905848130884 
442 1.326 1.0879122859561 1.6281930495897 -3.818779900835 -2.1905868512452 
443 1.329 1.08613543615 1.6255337777515 -3.8161210455389 -2.1905872677874 
444 1.332 1.0841463239846 1.6225568294769 -3.8131425579956 -2.1905857285187 
445 1.335 1.081983844144 1.6193204153913 -3.8099027383276 -2.1905823229363 
446 1.338 1.0797093100754 1.6159162985251 -3.8064936584476 -2.1905773599225 
447 1.341 1.0774028681108 1.6124644276118 -3.803035676086 -2.1905712484742 
448 1.344 1.0751588288727 1.6091059499682 -3.7996703608321 -2.1905644108639 
449 1.347 1.0730805072297 1.6059954888607 -3.7965528114755 -2.1905573226148 
450 1.35 1.071274637875 1.6032927857386 -3.7938432225534 -2.1905504368148 
451 1.353 1.0698457914926 1.6011543433487 -3.7916984614081 -2.1905441180594 
452 1.356 1.0688919070746 1.5997267393042 -3.7902652405042 -2.1905385012 
453 1.359 1.0685015715332 1.5991425546933 -3.7896760984296 -2.1905335437363 
454 1.362 1.0687522175861 1.5995176769954 -3.790047108295 -2.1905294312996 
455 1.365 1.0697063779609 1.6009456940429 -3.7914725621152 -2.1905268680723 
456 1.368 1.0714031940962 1.6034851857589 -3.7940123535231 -2.1905271677642 
457 1.371 1.0738451222061 1.6071398281666 -3.7976716641552 -2.1905318359886 
458 1.374 1.0769835742642 1.6118369033752 -3.8023788390346 -2.1905419356594 
459 1.377 1.0807098038414 1.6174136591275 -3.8079710361893 -2.1905573770618 
460 1.38 1.0848565207258 1.6236197252754 -3.814196539513 -2.1905768142376 
461 1.383 1.0892125573069 1.6301390638072 -3.8207367822584 -2.1905977184512 
462 1.386 1.0935489258057 1.6366289666619 -3.8272459089246 -2.1906169422627 
463 1.389 1.0976506721093 1.6427677288663 -3.8333993249686 -2.1906315961024 
464 1.392 1.1013461334047 1.6482984361429 -3.838938348071 -2.1906399119281 
465 1.395 1.1045251118049 1.6530561639512 -3.8436979965436 -2.1906418325923 
466 1.398 1.1071407927378 1.6569708485907 -3.8476097884747 -2.190638939884 
467 1.401 1.1091957303753 1.66004631269 -3.8506801060496 -2.1906337933595 
468 1.404 1.1107180883378 1.6623247065325 -3.8529536532276 -2.1906289466951 
469 1.407 1.1117379482154 1.6638510508764 -3.8544769405247 -2.1906258896483 
470 1.41 1.1122727211115 1.6646514035554 -3.8552760691127 -2.1906246655573 
471 1.413 1.112326026687 1.6647311818322 -3.8553552722458 -2.1906240904136 
472 1.416 1.1118980233424 1.6640906227725 -3.8547131319313 -2.1906225091587 
473 1.419 1.1110002720245 1.6627470287393 -3.8533657127158 -2.1906186839765 
474 1.422 1.1096672881827 1.6607520563005 -3.8513643578784 -2.1906123015779 
475 1.425 1.1079597016502 1.6581964453752 -3.8488004746961 -2.1906040293209 
476 1.428 1.1059581902812 1.6552009401844 -3.8457961229624 -2.190595182778 
477 1.431 1.1037512670351 1.6518980111371 -3.8424851698194 -2.1905871586824 
478 1.434 1.1014220774389 1.6484120956265 -3.8389930039809 -2.1905809083544 
479 1.437 1.099039181166 1.6448458015423 -3.8354224602506 -2.1905766587083 
480 1.44 1.0966541014488 1.6412762396682 -3.8318501381977 -2.1905738985295 
481 1.443 1.0943049045628 1.6377603808152 -3.8283322956117 -2.1905719147965 
482 1.446 1.0920222871787 1.6343441662844 -3.8249143404381 -2.1905701741538 
483 1.449 1.0898339339029 1.631069029456 -3.8216376747288 -2.1905686452727 
484 1.452 1.0877645631921 1.6279719645071 -3.8185396685183 -2.1905677040112 
485 1.455 1.0858325319814 1.6250804448235 -3.8156481740505 -2.190567729227 
486 1.458 1.0840465335542 1.6224074809612 -3.8129761632503 -2.1905686822891 
487 1.461 1.0824064263653 1.6199528610806 -3.8105225845702 -2.1905697234896 
488 1.464 1.0809105409711 1.6177140866561 -3.8082835903246 -2.1905695036685 
489 1.467 1.0795681035648 1.6157049658082 -3.8062715520332 -2.190566586225 
490 1.47 1.0784117399332 1.6139743269946 -3.8045346028364 -2.1905602758418 
491 1.473 1.0775037444166 1.6126154012721 -3.8031663524073 -2.1905509511352 
492 1.476 1.0769315290714 1.6117590114144 -3.8022992918294 -2.190540280415 
493 1.479 1.0767918412834 1.6115499516505 -3.8020806184984 -2.1905306668479 
494 1.482 1.0771678072395 1.6121126304294 -3.8026372079938 -2.1905245775644 
495 1.485 1.078105593053 1.6135161409544 -3.8040399169909 -2.1905237760365 
496 1.488 1.0795977729105 1.6157493695924 -3.8062781678139 -2.1905287982215 
497 1.491 1.0815784169128 1.618713644231 -3.8092524544209 -2.1905388101899 
498 1.494 1.0839311696997 1.6222348249221 -3.8127867552526 -2.1905519303304 
499 1.497 1.0865079391835 1.6260912738456 -3.816656932623 -2.1905656587775 
500 1.5 1.0891532966329 1.6300503730012 -3.8206279464291 -2.1905775734278 
501 1.503 1.0917285960336 1.6339046217665 -3.8244904348593 -2.1905858130928 
502 1.506 1.0941305002883 1.6374993636071 -3.8280888798081 -2.190589516201 
503 1.509 1.0963004736788 1.6407469927017 -3.8313358124586 -2.1905888197569 
504 1.512 1.0982240977528 1.6436259300827 -3.8342107734406 -2.1905848433579 
505 1.515 1.0999216295332 1.6461664928487 -3.8367456065678 -2.1905791137191 
506 1.518 1.1014332019626 1.6484287448291 -3.8390021223613 -2.1905733775322 
507 1.521 1.1028022799769 1.6504777365871 -3.8410469491612 -2.1905692125741 
508 1.524 1.1040608110711 1.6523612814341 -3.8429289211855 -2.1905676397513 
509 1.527 1.1052189461857 1.6540945714873 -3.8446636681675 -2.1905690966802 
510 1.53 1.1062610439817 1.6556541975807 -3.8462274772734 -2.1905732796928 
511 1.533 1.1071484114789 1.6569822509633 -3.8475615435715 -2.1905792926082 
512 1.536 1.1078279138834 1.6579992089539 -3.8485850497954 -2.1905858408415 
513 1.539 1.1082447612243 1.6586230716972 -3.8492144567897 -2.1905913850924 
514 1.542 1.108357201806 1.6587913527029 -3.8493857359044 -2.1905943832016 
515 1.545 1.1081511607298 1.6584829871733 -3.8490765101797 -2.1905935230064 
516 1.548 1.1076528014846 1.6577371319516 -3.848324931564 -2.1905877996124 
517 1.551 1.1069364303696 1.6566649954518 -3.8472420758917 -2.1905770804399 
518 1.554 1.1061239522166 1.6554490230809 -3.8460115471857 -2.1905625241048 
519 1.557 1.1053711851201 1.6543224155683 -3.8448693485022 -2.1905469329339 
520 1.56 1.104838786873 1.6535256168403 -3.8440600433604 -2.19053442652 
521 1.563 1.1046523385972 1.6532465743195 -3.8437755785878 -2.1905290042683 
522 1.566 1.1048647146618 1.6535644209297 -3.8440971570476 -2.1905327361179 
523 1.569 1.1054370466859 1.6544209854117 -3.8449656683181 -2.1905446829063 
524 1.572 1.1062480843642 1.655634801937 -3.8461961138639 -2.1905613119269 
525 1.575 1.1071282665169 1.6569521015776 -3.847530187603 -2.1905780860254 
526 1.578 1.1079039950694 1.6581130737018 -3.8487041725137 -2.1905910988119 
527 1.581 1.1084368756556 1.6589105943089 -3.84950853857 -2.1905979442611 
528 1.584 1.1086489755292 1.6592280275657 -3.8498259093754 -2.1905978818097 
529 1.587 1.1085321278491 1.6590531508011 -3.8496446141944 -2.1905914633933 
530 1.59 1.1081429335022 1.6584706741266 -3.8490511091658 -2.1905804350393 
531 1.593 1.1075856256847 1.657636595197 -3.8482041094043 -2.1905675142073 
532 1.596 1.1069854544059 1.6567383658845 -3.847294225306 -2.1905558594215 
533 1.599 1.106457324906 1.6559479558559 -3.8464963479815 -2.1905483921256 
534 1.602 1.1060777392754 1.6553798597939 -3.8459265954526 -2.1905467356587 
535 1.605 1.1058687879139 1.6550671386684 -3.8456178382955 -2.190550699627 
536 1.608 1.1057989935575 1.6549626829256 -3.8455212721793 -2.1905585892537 
537 1.611 1.1057987582243 1.6549623307208 -3.8455304562749 -2.190568125554 
538 1.614 1.1057818038988 1.6549369565108 -3.845514419521 -2.1905774630102 
539 1.617 1.1056630769753 1.6547592672299 -3.8453450245957 -2.1905857573658 
540 1.62 1.1053684649349 1.6543183444803 -3.8449112217368 -2.1905928772565 
541 1.623 1.1048376220477 1.6535238735375 -3.8441227763261 -2.1905989027886 
542 1.626 1.1040249851072 1.652307663522 -3.8429111229557 -2.1906034594337 
543 1.629 1.1029035483326 1.6506292969978 -3.8412350383358 -2.190605741338 
544 1.632 1.1014718723667 1.648486619792 -3.839091589596 -2.190604969804 
545 1.635 1.099760315451 1.6459250667054 -3.8365260817657 -2.1906010150603 
546 1.638 1.0978308978531 1.6430374586112 -3.8336321473622 -2.190594688751 
547 1.641 1.0957684336673 1.6399507301169 -3.8305382485919 -2.1905875184749 
548 1.644 1.0936655317666 1.6368034816642 -3.8273844891643 -2.1905810075001 
549 1.647 1.0916076458648 1.6337236051287 -3.8242996377557 -2.190576032627 
550 1.65 1.0896640419457 1.6308147654795 -3.8213873407927 -2.1905725753132 
551 1.653 1.0878866634922 1.6281547024562 -3.818724714542 -2.1905700120858 
552 1.656 1.0863150031312 1.6258025215782 -3.8163701278277 -2.1905676062495 
553 1.659 1.0849826013795 1.6238084203079 -3.8143733185362 -2.1905648982283 
554 1.662 1.0839206933159 1.6222191457397 -3.8127811864766 -2.190562040737 
555 1.665 1.0831568044359 1.6210758931254 -3.8116355831603 -2.1905596900349 
556 1.668 1.0827087448136 1.6204053174069 -3.8109640050767 -2.1905586876699 
557 1.671 1.0825768202736 1.6202078762878 -3.8107675857729 -2.190559709485 
558 1.674 1.0827375573843 1.6204484389232 -3.8110115599281 -2.1905631210049 
559 1.677 1.0831411435899 1.6210524547646 -3.8116211767406 -2.1905687219759 
560 1.68 1.0837137211967 1.6219093867911 -3.8124852517656 -2.1905758649745 
561 1.683 1.0843645919836 1.6228834940835 -3.8134670380848 -2.1905835440012 
562 1.686 1.0849975514176 1.623830794858 -3.8144212487538 -2.1905904538958 
563 1.689 1.0855246600134 1.6246196769795 -3.8152149656466 -2.1905952886671 
564 1.692 1.0858798743474 1.6251512984321 -3.8157483106517 -2.1905970122197 
565 1.695 1.0860298175528 1.6253757066754 -3.8159708335407 -2.1905951268654 
566 1.698 1.0859793853517 1.6253002287527 -3.8158899653173 -2.1905897365646 
567 1.701 1.0857709303749 1.6249882505273 -3.8155698674394 -2.1905816169122 
568 1.704 1.085476743076 1.624547963455 -3.8151200608915 -2.1905720974365 
569 1.707 1.0851857111041 1.6241123987132 -3.8146753161097 -2.1905629173964 
570 1.71 1.0849865169746 1.6238142804721 -3.814370077511 -2.1905557970388 
571 1.713 1.0849506067231 1.6237605364133 -3.8143126518534 -2.1905521154401 
572 1.716 1.0851186340803 1.624012009789 -3.8145645734914 -2.1905525637024 
573 1.719 1.0854939676164 1.6245737420746 -3.815130553158 -2.1905568110834 
574 1.722 1.0860453595373 1.6253989671454 -3.8159625985901 -2.1905636314448 
575 1.725 1.0867184019203 1.626406256928 -3.8169774346883 -2.1905711777603 
576 1.728 1.0874525474045 1.6275049949331 -3.8180825599437 -2.1905775650106 
577 1.731 1.0881976385884 1.628620114509 -3.8192018609399 -2.1905817464309 
578 1.734 1.0889222319879 1.6297045566576 -3.8202886688478 -2.1905841121902 
579 1.737 1.0896082507685 1.6307312671975 -3.8213178075484 -2.1905865403508 
580 1.74 1.0902329966412 1.6316662753786 -3.822257563367 -2.1905912879884 
581 1.743 1.0907482848248 1.6324374668155 -3.8230368657233 -2.1905993989078 
582 1.746 1.0910714525898 1.6329211266799 -3.8235307555555 -2.1906096288756 
583 1.749 1.091097569336 1.632960213567 -3.8235789905894 -2.1906187770223 
584 1.752 1.0907296455121 1.6324095708171 -3.8230328371483 -2.1906232663312 
585 1.755 1.0899130050533 1.6311873690493 -3.8218081438191 -2.1906207747698 
586 1.758 1.0886586462959 1.6293100686117 -3.8199210639342 -2.1906109953225 
587 1.761 1.0870476727913 1.6268990508329 -3.8174945756498 -2.1905955248169 
588 1.764 1.0852177993918 1.6241604227384 -3.8147374945068 -2.1905770717684 
589 1.767 1.083338469939 1.6213477776451 -3.8119063430397 -2.1905585653946 
590 1.77 1.0815825010993 1.6187197567129 -3.809262336225 -2.1905425795121 
591 1.773 1.0801008858217 1.6165023392535 -3.8070332084173 -2.1905308691638 
592 1.776 1.0790048307538 1.6148619595404 -3.8053862304979 -2.1905242709575 
593 1.779 1.0783565703631 1.6138917590231 -3.8044145761837 -2.1905228171606 
594 1.782 1.0781681745849 1.613609801828 -3.8041357467024 -2.1905259448744 
595 1.785 1.0784060391722 1.6139657951125 -3.8044986379395 -2.1905328428269 
596 1.788 1.0789989317913 1.6148531310255 -3.8053956400578 -2.1905425090324 
597 1.791 1.0798478862034 1.6161236945544 -3.8066775813793 -2.1905538868249 
598 1.794 1.080837058928 1.6176041118416 -3.8081699549381 -2.1905658430965 
599 1.797 1.0818453905658 1.6191132027725 -3.809690415401 -2.1905772126284 
600 1.8 1.0827587165094 1.6204801061272 -3.8110669527819 -2.1905868466547 
601 1.803 1.0834816591699 1.6215620777441 -3.8121557754356 -2.1905936976916 
602 1.806 1.0839483282317 1.6222605047522 -3.8128573799125 -2.1905968751602 
603 1.809 1.0841310785309 1.6225340128014 -3.813129782929 -2.1905957701276 
604 1.812 1.0840469804052 1.622408149728 -3.8129980275143 -2.1905898777862 
605 1.815 1.0837616536736 1.6219811235723 -3.8125601211967 -2.1905789976244 
606 1.818 1.0833893110605 1.6214238675669 -3.8119873857916 -2.1905635182247 
607 1.821 1.0830867015581 1.6209709756427 -3.8115158053997 -2.1905448297571 
608 1.824 1.0830366580068 1.6208960793818 -3.8114218680045 -2.1905257886227 
609 1.827 1.0834177139069 1.621466375881 -3.8119770337122 -2.1905106578312 
610 1.83 1.0843623612649 1.6228801555418 -3.8133840541143 -2.1905038985725 
611 1.833 1.0859153195315 1.625204346461 -3.8157124918824 -2.1905081454214 
612 1.836 1.0880096747713 1.6283388037962 -3.818861520029 -2.1905227162327 
613 1.839 1.0904743788407 1.6320275331974 -3.822571253168 -2.1905437199707 
614 1.842 1.0930715930816 1.6359145801863 -3.8264804787538 -2.1905658985675 
615 1.845 1.0955475082155 1.639620088309 -3.8302049274419 -2.1905848391329 
616 1.848 1.0976768105459 1.6428068482157 -3.8334050098068 -2.1905981615911 
617 1.851 1.099289313118 1.64522015443 -3.835825494671 -2.190605340241 
618 1.854 1.1002789677976 1.6467012930215 -3.8373081450611 -2.1906068520396 
619 1.857 1.1006024160313 1.6471853726414 -3.8377886946926 -2.1906033220512 
620 1.86 1.1002742601931 1.6466942475187 -3.8372894538157 -2.190595206297 
621 1.863 1.0993627546138 1.6453300685604 -3.8359129190528 -2.1905828504924 
622 1.866 1.0979852212168 1.643268422294 -3.8338353035331 -2.1905668812391 
623 1.869 1.0963001340141 1.6407464843522 -3.8312950041101 -2.1905485197579 
624 1.872 1.0944926806721 1.6380414106004 -3.8285712513681 -2.1905298407677 
625 1.875 1.0927528433393 1.6354375324302 -3.8259509772707 -2.1905134448405 
626 1.878 1.0912490243802 1.6331868844609 -3.8236886596267 -2.1905017751658 
627 1.881 1.0901034628685 1.6314724123336 -3.8219687681642 -2.1904963558306 
628 1.884 1.0893767703498 1.6303848285979 -3.8208821408826 -2.1904973122847 
629 1.887 1.0890660907744 1.6299198588279 -3.8204233018409 -2.190503443013 
630 1.89 1.0891161405914 1.6299947644662 -3.8205075634248 -2.1905127989586 
631 1.893 1.089437873807 1.6304762773531 -3.8209996523944 -2.1905233750413 
632 1.896 1.08992813472 1.6312100124357 -3.8217436768938 -2.190533664458 
633 1.899 1.0904849486279 1.6320433521695 -3.8225862695961 -2.1905429174267 
634 1.902 1.0910159172407 1.6328380112757 -3.8233890570436 -2.1905510457678 
635 1.905 1.0914398231636 1.6334724380456 -3.8240308983144 -2.1905584602688 
636 1.908 1.0916838234011 1.6338376140766 -3.8244032372845 -2.1905656232079 
637 1.911 1.0916796802658 1.6338314133707 -3.8244041067095 -2.1905726933388 
638 1.914 1.0913626442695 1.6333569304438 -3.8239362384638 -2.19057930802 
639 1.917 1.0906751381158 1.6323279938693 -3.8229126238324 -2.1905846299631 
640 1.92 1.089574429622 1.6306806497383 -3.8212683547134 -2.1905877049751 
641 1.923 1.0880413410914 1.6283861962955 -3.8189740709905 -2.190587874695 
642 1.926 1.0860863911474 1.6254603759402 -3.8160452935911 -2.1905849176509 
643 1.929 1.0837515259232 1.621965966162 -3.8125450539622 -2.1905790878002 
644 1.932 1.0811080357363 1.6180096615919 -3.8085804028534 -2.1905707412615 
645 1.935 1.0782522196303 1.6137355854603 -3.8042959840439 -2.1905603985836 
646 1.938 1.0752994970234 1.6093164769641 -3.7998653158605 -2.1905488388964 
647 1.941 1.0723756463147 1.604940578775 -3.795477948752 -2.190537369977 
648 1.944 1.0696035778605 1.6007918411899 -3.7913195675434 -2.1905277263536 
649 1.947 1.0670863693115 1.5970245324492 -3.7875462192319 -2.1905216867827 
650 1.95 1.0648906144493 1.5937383182468 -3.7842587378451 -2.1905204195983 
651 1.953 1.0630353452664 1.5909616822737 -3.7814857958851 -2.1905241136113 
652 1.956 1.061490295378 1.5886493272042 -3.7791813280857 -2.1905320008815 
653 1.959 1.0601836389752 1.5866937569798 -3.7772363856856 -2.1905426287058 
654 1.962 1.0590162351991 1.5849465952472 -3.775500835776 -2.1905542405288 
655 1.965 1.0578790460991 1.5832446534524 -3.7738097944464 -2.190565140994 
656 1.968 1.0566709502902 1.5814365911438 -3.7720102494999 -2.1905736583562 
657 1.971 1.0553154673701 1.5794079460979 -3.7699862931996 -2.1905783471017 
658 1.974 1.0537753698807 1.5771030028957 -3.767681097254 -2.1905780943583 
659 1.977 1.0520632914429 1.5745406692878 -3.7651131173237 -2.1905724480359 
660 1.98 1.0502456227662 1.5718203070453 -3.7623821559139 -2.1905618488686 
661 1.983 1.048437022162 1.5691135162762 -3.7596613893543 -2.190547873078 
662 1.986 1.0467842609906 1.5666399581717 -3.7571729801186 -2.1905330219469 
663 1.989 1.0454416697826 1.5646306071408 -3.7551505739661 -2.1905199668253 
664 1.992 1.0445449215742 1.563288514383 -3.7537991789299 -2.1905106645469 
665 1.995 1.0441921766019 1.5627605886305 -3.7532660807153 -2.1905054920848 
666 1.998 1.0444393067386 1.5631304489365 -3.753633785893 -2.1905033369565 
