0.0614143 0.0614143
0.0617636 0.000349305
0.0619254 0.000161771
0.0667219 0.00479654
0.0672359 0.000513932
0.0680925 0.000856639
0.0707911 0.00269858
0.0717859 0.000994848
0.0721451 0.000359146
0.0723518 0.000206734
0.0725212 0.000169409
0.0731199 0.000598654
0.0740346 0.000914681
0.0750055 0.000970928
0.0761626 0.00115707
0.0765093 0.000346754
0.0768719 0.000362578
0.078028 0.00115616
0.078701 0.000672945
0.0824971 0.00379614
0.0845953 0.00209818
0.0858322 0.00123689
0.0868344 0.0010022
0.0870231 0.000188736
0.0890876 0.00206445
0.0894964 0.000408829
0.0901625 0.000666066
0.0906819 0.000519422
0.0907776 9.57347e-05
0.0917021 0.0009245
0.0927629 0.00106078
0.0935271 0.000764201
0.0938284 0.000301288
0.0939674 0.000139005
0.0942731 0.00030565
0.0954217 0.00114866
0.0971923 0.00177053
0.0998448 0.00265258
0.101171 0.00132666
0.103695 0.00252358
0.106294 0.00259891
0.107102 0.000807869
0.107384 0.000281996
0.107923 0.000539511
0.108277 0.000354064
0.108793 0.000515871
0.110799 0.00200615
0.112147 0.00134717
0.113412 0.00126524
0.113476 6.45291e-05
0.113941 0.000464944
0.116025 0.00208408
0.116986 0.000960123
0.117096 0.000110848
0.117459 0.000362786
0.117809 0.000350318
0.11797 0.000160439
0.118081 0.00011137
0.118617 0.000535972
0.123878 0.00526066
0.12608 0.00220194
0.127664 0.00158462
0.127948 0.000283534
0.12818 0.000231978
0.128393 0.000212596
0.13448 0.00608784
0.136026 0.00154594
0.136693 0.000666496
0.137019 0.000326532
0.137571 0.00055153
0.13797 0.000398683
0.138195 0.000225003
0.139607 0.00141205
0.145942 0.00633532
0.147469 0.00152693
0.148072 0.000602964
0.148309 0.00023732
0.148413 0.000104131
0.148859 0.000445995
0.14941 0.000550289
0.150615 0.0012055
0.150773 0.000157734
0.156053 0.00528066
0.157266 0.00121293
0.157912 0.000645905
0.160038 0.00212559
0.160512 0.000474373
0.162631 0.00211879
0.166099 0.00346828
0.166997 0.000897448
0.16806 0.00106313
0.17076 0.00269976
0.174473 0.00371326
0.175903 0.00143033
0.178322 0.00241874
0.178808 0.000485755
0.180809 0.0020009
0.181516 0.000707682
0.183694 0.00217731
0.186235 0.00254105
0.187797 0.00156186
0.190071 0.0022741
0.191744 0.00167321
0.195407 0.00366279
0.197223 0.00181595
0.201332 0.00410913
0.202713 0.0013808
0.203517 0.000804026
0.204295 0.000777965
0.206792 0.00249699
0.20689 9.83298e-05
0.2071 0.000210337
0.207103 2.34054e-06
0.207474 0.000371436
0.209241 0.00176739
0.20982 0.000578159
0.209953 0.000133915
0.213784 0.00383094
0.215956 0.00217203
0.21667 0.000713369
0.217393 0.00072288
0.217475 8.19188e-05
0.217943 0.000468476
0.220145 0.00220193
0.220202 5.69399e-05
0.220697 0.000494933
0.221877 0.0011804
0.222975 0.00109725
0.223282 0.000307702
0.223668 0.000385521
0.223864 0.000196482
0.22756 0.00369616
0.227732 0.000171951
0.228211 0.000478989
0.22973 0.00151857
0.230578 0.000848509
0.232398 0.00181963
0.234044 0.00164627
0.234578 0.000534079
0.235776 0.00119808
0.235911 0.000134251
0.236794 0.000883693
0.237321 0.000526205
0.238104 0.000783342
0.239026 0.000922405
0.240883 0.00185632
0.242144 0.00126133
0.243511 0.00136655
0.24359 7.99278e-05
0.244034 0.000443507
0.244341 0.000307019
0.245227 0.000885505
0.245694 0.000467127
0.247409 0.00171492
0.248064 0.000655777
0.248569 0.000504247
0.248618 4.91568e-05
0.24945 0.000832564
0.250586 0.00113572
0.254904 0.0043178
0.257138 0.00223378
0.258537 0.00139902
0.259153 0.000616838
0.259292 0.000138335
0.260773 0.00148162
0.261469 0.000695676
0.2617 0.00023076
0.262012 0.000312225
0.263268 0.00125583
0.264263 0.000994824
0.264709 0.000445857
0.264845 0.000136496
0.265967 0.00112224
0.266829 0.000861368
0.267826 0.000997408
0.269861 0.00203525
0.270971 0.00110981
0.274301 0.0033301
0.274662 0.000360259
0.274704 4.23923e-05
0.274969 0.00026464
0.275968 0.000999682
0.276659 0.000691106
0.27689 0.000230258
0.277609 0.000719594
0.278309 0.000699575
0.280858 0.00254908
0.281751 0.000893138
0.281882 0.000130664
0.283078 0.00119626
0.283227 0.000149439
0.284069 0.000841321
0.28479 0.000721113
0.284945 0.000155702
0.285574 0.000628884
0.285954 0.000379327
0.287399 0.00144545
0.287485 8.5645e-05
0.288023 0.000537927
0.288793 0.000770192
0.29162 0.00282736
0.293618 0.00199767
0.294102 0.000484332
0.294217 0.000114873
0.294341 0.000123642
0.29445 0.000108807
0.296337 0.00188692
0.296718 0.000381417
0.298395 0.00167689
0.298537 0.000142301
0.30192 0.00338262
0.302248 0.000327836
0.304069 0.00182152
0.306281 0.00221165
0.306412 0.000130902
0.306433 2.11536e-05
0.308193 0.00175975
0.308712 0.000519395
0.308846 0.000133991
0.3094 0.000554062
0.310039 0.000639058
0.311842 0.00180278
0.316447 0.00460483
0.321854 0.00540769
0.323322 0.00146788
0.327288 0.00396606
0.3273 1.20244e-05
0.328241 0.000940199
0.32877 0.000529579
0.334706 0.00593605
0.336812 0.00210546
0.338301 0.00148956
0.339052 0.000750784
0.339956 0.000903659
0.341123 0.00116696
0.342664 0.00154189
0.344876 0.00221148
0.345151 0.000275516
0.34521 5.81927e-05
0.34596 0.000750516
0.349106 0.0031456
0.349664 0.000558143
0.350038 0.000373978
0.350821 0.000783273
0.350884 6.25453e-05
0.352421 0.00153751
0.357514 0.00509309
0.359589 0.00207428
0.359874 0.000285247
0.360308 0.000433682
0.3607 0.000392595
0.361142 0.000441675
0.361978 0.000836605
0.363471 0.00149215
0.364047 0.000576468
0.364987 0.000939669
0.36522 0.000233045
0.365355 0.000135064
0.36908 0.00372528
0.369377 0.000297354
0.372516 0.00313871
0.375741 0.00322444
0.37804 0.00229956
0.379551 0.00151109
0.380704 0.00115314
0.381351 0.000647077
0.382337 0.000985057
0.384275 0.00193885
0.387151 0.00287612
0.389854 0.00270293
0.39849 0.0086356
0.39853 3.98307e-05
0.400151 0.00162089
0.400822 0.000671177
0.404592 0.00376999
0.405001 0.000409207
0.405726 0.000724868
0.406783 0.00105721
0.410195 0.00341222
0.410553 0.000357338
0.410753 0.000200219
0.417771 0.00701795
0.420136 0.00236459
0.42337 0.00323413
0.423658 0.000288819
0.423922 0.00026371
0.427019 0.0030966
0.427279 0.000260647
0.427417 0.000137764
0.428177 0.00075941
0.428458 0.000281567
0.431293 0.00283481
0.432061 0.00076771
0.43331 0.00124902
0.433803 0.000492834
0.434005 0.000202098
0.434483 0.000478677
0.434579 9.60423e-05
0.435751 0.00117126
0.436191 0.000440066
0.436936 0.000745723
0.437038 0.000101421
0.437728 0.000689998
0.438208 0.000480257
0.438632 0.000423707
0.438706 7.45559e-05
0.439062 0.000355694
0.439109 4.65243e-05
0.439497 0.00038818
0.440352 0.00085503
0.440411 5.94242e-05
0.442112 0.00170131
0.442204 9.107e-05
0.442498 0.000293959
0.443379 0.000881653
0.444176 0.000796965
0.445708 0.00153144
0.448598 0.00289038
0.449068 0.000470471
0.451993 0.00292417
0.452851 0.000858531
0.453531 0.000680354
0.456909 0.00337728
0.457117 0.000208015
0.457623 0.000506645
0.458196 0.000572394
0.459771 0.00157502
0.462106 0.00233474
0.46218 7.44439e-05
0.463711 0.00153065
0.465236 0.00152496
0.465637 0.000401492
0.466728 0.00109086
0.467119 0.000391379
0.467826 0.000706493
0.470484 0.00265775
0.472327 0.00184333
0.473756 0.0014286
0.474275 0.000519933
0.474552 0.000276738
0.474783 0.000231197
0.475095 0.000311669
0.477137 0.00204229
0.47895 0.00181243
0.481019 0.0020692
0.483088 0.00206878
0.486166 0.0030785
0.486649 0.000482767
0.487622 0.000972646
0.487718 9.67148e-05
0.488619 0.000900782
0.490199 0.00158029
0.490295 9.54788e-05
0.490698 0.00040342
0.500974 0.0102754
0.506067 0.00509293
0.506576 0.000508933
0.506764 0.000188553
0.5072 0.000435406
0.508559 0.00135914
0.50988 0.00132142
0.515479 0.00559857
0.517321 0.00184188
0.518359 0.00103827
0.51916 0.000801008
0.519337 0.000177182
0.524602 0.00526543
0.526119 0.00151609
0.527285 0.00116629
0.52885 0.00156545
0.529185 0.000335075
0.53168 0.00249431
0.532971 0.00129174
0.533252 0.000280856
0.534133 0.000880418
0.534708 0.000575758
0.535169 0.000460939
0.535375 0.00020591
0.535994 0.000618881
0.536043 4.88736e-05
0.536875 0.00083218
0.537058 0.000182824
0.540311 0.00325268
0.541103 0.000792512
0.542223 0.00111926
0.548102 0.00587903
0.550282 0.00218037
0.550452 0.000169903
0.55315 0.00269796
0.554908 0.00175793
0.556283 0.00137513
0.556361 7.80564e-05
0.55702 0.000659421
0.557465 0.000444396
0.563258 0.00579286
0.564686 0.00142793
0.565089 0.000403088
0.566093 0.00100477
0.567464 0.00137095
0.573345 0.00588068
0.573532 0.000186814
0.573895 0.000363117
0.57592 0.00202479
0.577567 0.00164682
0.577653 8.61739e-05
0.579833 0.00218066
0.582214 0.00238072
0.585215 0.00300089
0.585874 0.000658711
0.58752 0.00164637
0.588146 0.000626409
0.589153 0.00100684
0.589163 9.95821e-06
0.589232 6.88579e-05
0.59281 0.0035776
0.593024 0.000214253
0.595056 0.00203169
0.596208 0.00115192
0.600033 0.00382533
0.600521 0.000488114
0.602258 0.00173685
0.603423 0.00116505
0.607938 0.00451464
0.609 0.00106251
0.611698 0.00269771
0.612677 0.000979157
0.612688 1.11647e-05
0.616689 0.00400083
0.619149 0.00245992
0.620013 0.000863741
0.622424 0.00241114
0.622657 0.00023365
0.623774 0.00111625
0.625533 0.00175938
0.628229 0.00269632
0.628809 0.000580097
0.632002 0.00319219
0.634927 0.00292576
0.641252 0.00632422
0.644363 0.00311121
0.646113 0.00175051
0.652922 0.00680861
0.654428 0.00150614
0.654472 4.34705e-05
0.654995 0.000523947
0.656986 0.00199045
0.657688 0.000701699
0.657896 0.000208432
0.658991 0.00109479
0.661079 0.0020879
0.661367 0.000287893
0.661521 0.000154612
0.66283 0.00130871
0.667641 0.00481104
0.669341 0.0017
0.670257 0.000916106
0.672057 0.00179946
0.672866 0.000809144
0.673211 0.000344998
0.676115 0.00290427
0.676739 0.000624092
0.679217 0.00247819
0.679304 8.63314e-05
0.680222 0.000918083
0.681604 0.00138206
0.68243 0.00082645
0.684147 0.00171696
0.684369 0.000221979
0.687019 0.00265022
0.687852 0.000832416
0.68882 0.000968374
0.689596 0.000775844
0.690472 0.000875623
0.693115 0.00264382
0.694645 0.00152913
0.69622 0.00157518
0.696464 0.000244641
0.697565 0.00110014
0.698042 0.000477338
0.700362 0.00231973
0.700578 0.000216167
0.702295 0.00171774
0.702791 0.000495193
0.703766 0.000975286
0.704724 0.000958527
0.707053 0.00232864
0.708227 0.0011739
0.711628 0.0034012
0.712755 0.00112649
0.712887 0.000132783
0.720513 0.00762517
0.722248 0.0017356
0.722591 0.000342329
0.723174 0.00058335
0.724125 0.000950781
0.725848 0.00172369
0.728555 0.00270707
0.731542 0.00298658
0.733515 0.00197341
0.734005 0.000489243
0.735957 0.00195189
0.739378 0.00342177
0.739687 0.000308261
0.740982 0.00129523
0.743003 0.00202143
0.744143 0.00113997
0.744737 0.000594199
0.745954 0.00121641
0.747986 0.00203205
0.750061 0.00207548
0.750097 3.53344e-05
0.751635 0.00153869
0.753439 0.00180344
0.755673 0.00223382
0.757816 0.00214317
0.758533 0.000717271
0.759569 0.001036
0.761259 0.00168995
0.761594 0.000334585
0.762466 0.000872657
0.764798 0.00233163
0.765921 0.00112326
0.766217 0.000295321
0.770592 0.00437532
0.772021 0.00142914
0.776612 0.00459127
0.776916 0.000303811
0.780423 0.00350648
0.780794 0.000371581
0.782169 0.00137452
0.786485 0.00431649
0.790196 0.00371104
0.79522 0.00502371
0.804741 0.00952089
0.805054 0.000312735
0.805258 0.000204166
0.805989 0.00073179
0.807435 0.00144561
0.807475 3.9924e-05
0.808118 0.000642495
0.808751 0.000633666
0.808917 0.000166006
0.809588 0.000671057
0.809816 0.000228241
0.809894 7.73933e-05
0.810706 0.00081189
0.815473 0.00476691
0.815664 0.000191679
0.818201 0.00253699
0.819473 0.00127152
0.819892 0.000419403
0.823774 0.00388197
0.824287 0.00051227
0.825115 0.000828839
0.829396 0.00428073
0.831117 0.00172095
0.8314 0.000282734
0.833992 0.00259266
0.836263 0.00227083
0.837624 0.00136062
0.839427 0.00180268
0.84557 0.00614317
0.848609 0.00303881
0.849094 0.00048561
0.850942 0.00184751
0.85164 0.000698522
0.852659 0.00101925
0.8545 0.00184042
0.85474 0.00023977
0.856663 0.00192342
0.856864 0.000201391
0.85852 0.00165514
0.858766 0.000246363
0.859628 0.000861836
0.86019 0.000562452
0.860228 3.79031e-05
0.861039 0.000811349
0.862522 0.00148257
0.86721 0.00468814
0.868866 0.00165618
0.869979 0.00111228
0.870031 5.2161e-05
0.870159 0.00012808
0.870434 0.000274793
0.870971 0.000536963
0.871643 0.000672686
0.87249 0.000846827
0.873104 0.00061424
0.874619 0.00151433
0.876939 0.00232077
0.881657 0.00471737
0.882713 0.00105589
0.886458 0.00374513
0.888238 0.00178031
0.890555 0.00231724
0.893909 0.00335315
0.894831 0.0009228
0.896235 0.00140316
0.898015 0.00178013
0.898189 0.00017439
0.900239 0.00205002
0.90054 0.000301149
0.902857 0.00231658
0.904723 0.0018667
0.905781 0.00105771
0.906813 0.00103204
0.907192 0.000378479
0.91283 0.00563817
0.913518 0.000688391
0.915432 0.00191402
0.917221 0.00178844
0.917542 0.000321539
0.917888 0.000345743
0.920154 0.00226573
0.921417 0.00126312
0.922718 0.00130106
0.922741 2.25958e-05
0.924726 0.00198542
0.925808 0.00108218
0.926264 0.000456358
0.928549 0.00228438
0.929779 0.00122983
0.932096 0.00231741
0.936907 0.0048106
0.938475 0.00156791
0.938895 0.000419963
0.939629 0.000734002
0.941679 0.00205085
0.942154 0.000474087
0.942807 0.000653922
0.942877 6.97672e-05
0.942921 4.41948e-05
0.944643 0.0017214
0.945476 0.000833004
0.949022 0.00354615
0.94935 0.000327973
0.9531 0.00375011
0.953218 0.000118369
0.954312 0.00109408
0.955242 0.000929764
0.959529 0.00428695
0.960023 0.000493439
0.961248 0.00122546
0.961388 0.000140276
0.961511 0.000122553
0.961511 2.27124e-07
0.962321 0.000809586
0.964538 0.00221677
0.964986 0.000448894
0.969704 0.00471765
0.969734 3.03339e-05
0.970176 0.000441476
0.971198 0.00102239
0.972221 0.00102273
0.97262 0.000399325
0.973112 0.000491489
0.975886 0.00277396
0.976223 0.000337222
0.978206 0.00198321
0.979799 0.00159309
0.980907 0.00110725
0.981208 0.000301358
0.981917 0.0007093
0.982093 0.000175668
0.984639 0.00254653
0.985615 0.00097591
0.987286 0.00167061
0.987907 0.000621096
0.988038 0.000131187
0.992455 0.00441663
0.993185 0.000730023
0.999233 0.00604796
0.999518 0.000285421
1.00207 0.00254685
1.0045 0.00243168
1.00515 0.00065344
1.00609 0.00093599
1.00799 0.00190083
1.00898 0.00099461
1.01037 0.00138409
1.01182 0.0014547
1.01353 0.00170529
1.01522 0.00169599
1.01748 0.00226182
1.01805 0.000562508
1.01885 0.000806112
1.01915 0.00030017
1.01924 8.60929e-05
1.02109 0.00185065
1.02174 0.000648981
1.02382 0.00207919
1.02916 0.00534426
1.03099 0.00182762
1.03245 0.00145855
1.03384 0.00139405
1.03832 0.00447896
1.0405 0.00217827
1.04179 0.00129602
1.04266 0.000869549
1.04575 0.00308856
1.04581 5.91044e-05
1.04596 0.000148074
1.0485 0.00253548
1.04873 0.000234269
1.04894 0.000213349
1.05164 0.0027007
1.05299 0.00135027
1.05335 0.000353723
1.05382 0.000468145
1.05929 0.00547753
1.06058 0.00128205
1.06065 7.07093e-05
1.06465 0.00400199
1.06576 0.00110897
1.0665 0.000743121
1.06861 0.00211119
1.0692 0.000591817
1.071 0.0018
1.07272 0.0017158
1.07335 0.000626953
1.07382 0.000471514
1.07423 0.000410679
1.07477 0.00054245
1.07942 0.00464904
1.08059 0.00116862
1.0832 0.00261024
1.08675 0.00355239
1.08952 0.00277141
1.09552 0.00599673
1.09966 0.00413996
1.10062 0.000959956
1.10122 0.000598365
1.10188 0.000666491
1.10335 0.00146765
1.10357 0.00021815
1.1037 0.000127964
1.10463 0.000934907
1.10929 0.00465641
1.11209 0.0028045
1.11448 0.00238528
1.11552 0.00104184
1.11634 0.00081765
1.11647 0.000129099
1.11668 0.000217071
1.11699 0.00030863
1.11741 0.000421142
1.1181 0.000685711
1.11992 0.00181768
1.11993 1.23847e-05
1.12228 0.00234742
1.12412 0.00184066
1.1262 0.00207762
1.12907 0.00286985
1.13238 0.00331351
1.13247 9.21735e-05
1.13339 0.000922333
1.13417 0.000775796
1.13539 0.00122414
1.13566 0.000269452
1.13808 0.0024151
1.14147 0.00339648
1.14399 0.0025152
1.14519 0.00119653
1.14566 0.000475585
1.14579 0.000130491
1.14643 0.000634828
1.14773 0.00130637
1.1488 0.00106435
1.15615 0.00735207
1.15636 0.000207471
1.15863 0.00226879
1.16051 0.00188456
1.16436 0.00385377
1.16495 0.000583961
1.1666 0.0016484
1.16666 6.36178e-05
1.16731 0.000645838
1.16743 0.000122172
1.16751 7.97613e-05
1.16937 0.00185961
1.17173 0.00236338
1.17258 0.000850856
1.17341 0.000823774
1.17554 0.00213266
1.17612 0.000578062
1.17646 0.000339956
1.17817 0.00170914
1.17832 0.000155185
1.17837 4.55969e-05
1.17847 0.000103601
1.18033 0.00186025
1.18055 0.000220366
1.18157 0.00101585
1.18411 0.0025477
1.18519 0.0010759
1.18789 0.00269914
1.18947 0.00158233
1.18958 0.000106362
1.19114 0.00155706
1.19143 0.000295931
1.19201 0.000575832
1.19255 0.000545449
1.19258 2.97081e-05
1.1945 0.00192134
1.19897 0.00447061
1.20073 0.00175615
1.20216 0.00142536
1.20304 0.000885469
1.20501 0.0019672
1.2059 0.000889426
1.2067 0.000802284
1.21031 0.00360801
1.2105 0.000192244
1.21267 0.00217031
1.21631 0.00363997
1.22863 0.0123192
1.23214 0.00351387
1.23353 0.0013867
1.23445 0.000923666
1.23526 0.00080476
1.2355 0.00024423
1.23616 0.000656788
1.23742 0.0012603
1.23907 0.00165395
1.23959 0.000513027
1.24389 0.00430718
1.24742 0.00352727
1.24743 1.04412e-05
1.2476 0.000170565
1.24778 0.00018114
1.25149 0.00370818
1.25161 0.000118986
1.25256 0.00095031
1.2536 0.00104
1.25745 0.00385062
1.26103 0.00357493
1.26492 0.00389379
1.26682 0.00189467
1.27361 0.00679732
1.2761 0.00249198
1.28006 0.0039591
1.28288 0.00281713
1.28358 0.000695399
1.2858 0.00222167
1.28762 0.00181767
1.28831 0.000693812
1.29026 0.00195192
1.2911 0.000837161
1.29428 0.00317897
1.29441 0.000128905
1.29807 0.00366632
1.29825 0.000174876
1.29937 0.00112474
1.30177 0.00239908
1.30641 0.00464055
1.30701 0.000602321
1.30785 0.000833142
1.30834 0.000497076
1.30836 1.52918e-05
1.31 0.00164517
1.31197 0.00196601
1.31638 0.00441036
1.31893 0.00254829
1.32034 0.00141239
1.32189 0.00154716
1.32398 0.00208762
1.32423 0.00024955
1.32487 0.000641306
1.32538 0.000511507
1.32944 0.00406043
1.33042 0.000976468
1.33046 4.32225e-05
1.332 0.00153598
1.33492 0.00292623
1.33519 0.000269121
1.33631 0.00112057
1.33634 2.68297e-05
1.33674 0.000405241
1.33783 0.00108849
1.33866 0.000826172
1.34418 0.0055203
1.34562 0.00143911
1.34817 0.00255372
1.35003 0.00185595
1.35149 0.00146497
1.3519 0.000406153
1.35214 0.000242528
1.35255 0.000404839
1.35459 0.00204251
1.35613 0.00153915
1.35938 0.00325122
1.36094 0.00156412
1.36111 0.000170649
1.36142 0.000306676
1.36451 0.00308551
1.36591 0.00140399
1.36609 0.000178995
1.36634 0.000251469
1.36746 0.00112509
1.3685 0.00103266
1.36876 0.000260138
1.36933 0.000575641
1.37068 0.00134307
1.37086 0.000184013
1.37268 0.00181643
1.37379 0.0011113
1.37652 0.00273153
1.37753 0.00100752
1.38038 0.0028566
1.38158 0.00119561
1.3848 0.00322366
1.38679 0.00198972
1.38748 0.00068241
1.38773 0.000253878
1.38874 0.00101214
1.39 0.0012614
1.39035 0.000351721
1.39274 0.00238613
1.39293 0.000188562
1.39432 0.00139164
1.3944 7.77858e-05
1.39543 0.00102731
1.39731 0.00188344
1.39761 0.000297161
1.398 0.000395271
1.39917 0.00116682
1.39965 0.000481302
1.40019 0.000542243
1.40385 0.00365725
1.40676 0.00290978
1.40787 0.00111487
1.4089 0.00102403
1.40998 0.00108471
1.41006 7.94686e-05
1.4106 0.000536856
1.41152 0.000917619
1.41695 0.00543333
1.41832 0.00137366
1.41843 0.000107905
1.42119 0.00275465
1.42149 0.00030163
1.42254 0.00104879
1.42265 0.000113436
1.42335 0.000696183
1.4248 0.00145475
1.42549 0.000693006
1.42591 0.000416605
1.42838 0.002473
1.42845 6.55367e-05
1.4306 0.00215405
1.43064 3.4163e-05
1.43078 0.000143618
1.4342 0.00341655
1.43447 0.000273304
1.4383 0.00382793
1.43916 0.000865273
1.44034 0.00117706
1.44303 0.00268529
1.44396 0.000936793
1.44447 0.000509904
1.4452 0.000727013
1.44701 0.00180869
1.44893 0.00191921
1.44928 0.000354335
1.45152 0.00223653
1.45156 4.31326e-05
1.45189 0.000332556
1.45422 0.00232738
1.45484 0.00062159
1.45621 0.0013631
1.45833 0.00212119
1.46097 0.00264073
1.46621 0.00523937
1.46733 0.00111962
1.46882 0.00148886
1.47227 0.00345056
1.47334 0.0010686
1.47501 0.0016769
1.4789 0.00388944
1.48056 0.00166325
1.48354 0.00297471
1.48503 0.00149208
1.48536 0.000332289
1.4891 0.00374053
1.49058 0.00147446
1.49088 0.000303691
1.49175 0.000870729
1.49236 0.0006075
1.49353 0.0011721
1.49588 0.00234807
1.49755 0.00166526
1.4977 0.000157044
1.5012 0.00349946
1.50496 0.00376189
1.50529 0.000325736
1.50587 0.000578814
1.50897 0.00310412
1.50942 0.000444881
1.51038 0.000963758
1.51124 0.000859379
1.51181 0.000572159
1.51262 0.000802264
1.5139 0.00128307
1.51459 0.000695903
1.51963 0.00503076
1.52219 0.00256501
1.52553 0.00334207
1.52636 0.000828097
1.52828 0.00192036
1.52866 0.000381369
1.52968 0.00102041
1.53594 0.00626063
1.53673 0.000784644
1.53862 0.00189028
1.53946 0.000843638
1.53954 8.21175e-05
1.54407 0.00452795
1.54736 0.00328942
1.55065 0.00328396
1.55107 0.000425134
1.55135 0.000281337
1.55211 0.000753277
1.55543 0.0033218
1.55709 0.00166083
1.5582 0.00111213
1.55947 0.00126697
1.55975 0.000283853
1.55989 0.000138842
1.56114 0.00124735
1.56306 0.00192007
1.56308 1.97858e-05
1.56799 0.00491163
1.56998 0.00199077
1.57185 0.00186781
1.57304 0.0011933
1.57582 0.00278199
1.57626 0.0004401
1.57663 0.000366345
1.5775 0.000870912
1.57928 0.00177569
1.58013 0.000854512
1.5809 0.000770368
1.58097 6.48195e-05
1.58105 8.06051e-05
1.58273 0.00168004
1.58299 0.000266715
1.58314 0.000145497
1.58379 0.000654607
1.58488 0.00108936
1.58513 0.000249271
1.58785 0.00271888
1.5879 4.51269e-05
1.59539 0.00749424
1.59596 0.000566838
1.59769 0.00173051
1.60095 0.00326329
1.60212 0.00116758
1.60263 0.00051156
1.60418 0.0015512
1.60899 0.00481056
1.60989 0.000897387
1.6101 0.000211093
1.61041 0.000308571
1.6136 0.00319539
1.61418 0.000575067
1.61601 0.00183169
1.6161 8.55851e-05
1.61811 0.00201887
1.62035 0.00224018
1.62312 0.0027663
1.62539 0.00226929
1.63162 0.00622812
1.63206 0.000437264
1.63234 0.000280515
1.63507 0.00272927
1.63885 0.00378015
1.64086 0.00201758
1.64156 0.000692269
1.64201 0.00045256
1.64302 0.00100897
1.64444 0.00141886
1.64697 0.00253118
1.6472 0.000231218
1.6476 0.000401802
1.64914 0.00153568
1.65255 0.00341365
1.65807 0.00552083
1.65834 0.000268714
1.65883 0.00049538
1.66158 0.00274937
1.66266 0.00107216
1.66319 0.000538451
1.66369 0.000495823
1.66492 0.0012274
1.66519 0.000272738
1.66575 0.000556536
1.67209 0.00634599
1.67261 0.000516418
1.67371 0.00109947
1.67374 3.38218e-05
1.67742 0.00368218
1.67828 0.000858704
1.67832 3.46434e-05
1.6787 0.000383407
1.67935 0.000647989
1.6802 0.000852612
1.68091 0.000709033
1.68159 0.00067484
1.68284 0.00125762
1.68581 0.0029681
1.6862 0.000385294
1.68643 0.000230993
1.68819 0.00175869
1.68847 0.000282211
1.69167 0.00319855
1.69187 0.000204613
1.69215 0.000281433
1.69248 0.000328639
1.6926 0.000116716
1.69373 0.00112853
1.69456 0.000832998
1.695 0.00044003
1.69663 0.00163234
1.69802 0.00138707
1.69866 0.000635363
1.69938 0.000723532
1.69947 8.84196e-05
1.69978 0.000314082
1.70007 0.000288255
1.70071 0.000641435
1.70121 0.000495092
1.70128 7.66995e-05
1.70183 0.000550441
1.70383 0.0019999
1.70514 0.00131163
1.70654 0.00139521
1.70769 0.00114574
1.71033 0.00264824
1.71317 0.0028358
1.71524 0.00206928
1.7156 0.000362402
1.71818 0.00257396
1.71841 0.00023145
1.71955 0.00114583
1.72302 0.00346988
1.72384 0.000819105
1.72768 0.00383763
1.72845 0.000772849
1.72999 0.00153327
1.73031 0.00032275
1.73297 0.00266386
1.73486 0.0018885
1.73536 0.000503818
1.73609 0.000727347
1.7404 0.00430788
1.74151 0.00110872
1.74154 3.33294e-05
1.74196 0.000417383
1.74279 0.000831993
1.7433 0.000506894
1.745 0.00169732
1.74672 0.00172304
1.74938 0.00266484
1.75101 0.00162617
1.75288 0.00186822
1.75569 0.00281257
1.75582 0.000126277
1.75619 0.000371833
1.75688 0.000691065
1.75782 0.00093864
1.76256 0.00474441
1.76478 0.00221365
1.76595 0.00117344
1.76862 0.00266864
1.77047 0.00184896
1.7708 0.000328251
1.77215 0.00135521
1.77388 0.00173412
1.77407 0.000187702
1.7744 0.000329417
1.77883 0.004426
1.78652 0.00769485
1.78759 0.00107009
1.78978 0.00219077
1.79129 0.0015035
1.79188 0.000593204
1.79628 0.00440015
1.79908 0.00280384
1.79949 0.000404825
1.80074 0.00124819
1.80101 0.000270074
1.80115 0.000142543
1.80672 0.00557136
1.80859 0.00187108
1.80905 0.000458488
1.81114 0.00209369
1.81267 0.00152992
1.81307 0.000391519
1.81345 0.000387121
1.81408 0.000625875
1.81421 0.000134903
1.81433 0.000120861
1.81534 0.00100761
1.8155 0.000160661
1.8167 0.00119457
1.81717 0.000474459
1.81751 0.000335799
1.8188 0.00129616
1.81932 0.000513626
1.82172 0.00240398
1.822 0.000282311
1.82227 0.000269832
1.8228 0.000528866
1.82329 0.000486044
1.82363 0.000337586
1.82383 0.000205756
1.82398 0.000146889
1.82488 0.000904912
1.82684 0.00195937
1.83039 0.00354572
1.8304 1.06528e-05
1.83098 0.000585014
1.8333 0.00231268
1.83443 0.00113236
1.83714 0.00270914
1.83818 0.00103738
1.83835 0.000176919
1.83956 0.00120509
1.83998 0.000417493
1.84169 0.00171278
1.84312 0.00143479
1.84439 0.00126849
1.8467 0.0023072
1.84863 0.00193401
1.84943 0.000799474
1.84947 3.45106e-05
1.84998 0.000513786
1.85025 0.000265307
1.85201 0.00176538
1.8555 0.0034848
1.85679 0.00129565
1.86043 0.00364219
1.86127 0.000834851
1.86488 0.00361172
1.86502 0.000142143
1.86656 0.0015342
1.86683 0.000272256
1.86801 0.00118259
1.87114 0.00312826
1.87161 0.000468944
1.8738 0.00219247
1.87397 0.000172266
1.87713 0.00316064
1.87832 0.00118521
1.87834 2.01944e-05
1.88396 0.00562065
1.88408 0.000124716
1.88409 1.21812e-06
1.88559 0.00150891
1.88614 0.000546878
1.8876 0.00145837
1.88824 0.000642488
1.89135 0.00310905
1.89358 0.00222728
1.89434 0.000762538
1.89529 0.000950436
1.8958 0.000505633
1.89644 0.000639369
1.89726 0.000824402
1.90187 0.00460554
1.90449 0.00261957
1.90572 0.00123375
1.90635 0.000632786
1.90922 0.00286234
1.90933 0.000113843
1.90991 0.000585563
1.91426 0.00434257
1.91751 0.00325064
1.91841 0.000904446
1.91922 0.000811297
1.91993 0.000707996
1.92018 0.000250118
1.92154 0.00135342
1.92189 0.000352651
1.92328 0.00139435
1.92328 4.4722e-07
1.9309 0.00761387
1.93287 0.00197656
1.93575 0.00287885
1.93642 0.000668637
1.93652 0.000103681
1.93914 0.0026192
1.9404 0.0012531
1.94161 0.00121016
1.94307 0.00146688
1.94537 0.00229765
1.95033 0.00496191
1.9514 0.00106477
1.95163 0.000229398
1.95192 0.000288486
1.95532 0.00339932
1.95576 0.000446127
1.956 0.000237253
1.95622 0.000218806
1.95772 0.00150073
1.95962 0.0018972
1.96194 0.00232005
1.96292 0.000983248
1.96498 0.00205997
1.96504 6.07345e-05
1.96561 0.000571923
1.9663 0.000690693
1.96835 0.00205103
1.9686 0.000242277
1.96948 0.00088247
1.97401 0.00452935
1.97459 0.000583173
1.97765 0.00305732
1.97811 0.000458453
1.98123 0.00312745
1.98187 0.000635505
1.98199 0.00012116
1.98281 0.000822283
1.98339 0.00057468
1.98589 0.00250353
1.98768 0.00179196
1.98957 0.0018922
1.99192 0.00234357
1.99263 0.000715186
1.99458 0.00194356
1.99642 0.00184758
1.99755 0.00112913
1.99767 0.000112452
2.00001 0.00234668
2.00033 0.000321264
2.00125 0.000912769
2.00651 0.00526116
2.00696 0.000455013
2.00786 0.000896218
2.00852 0.000660603
2.01133 0.00281465
2.01472 0.00338552
2.01523 0.000511769
2.01722 0.00198806
2.01776 0.000538455
2.01986 0.00210415
2.02205 0.00218458
2.02227 0.00021932
2.02547 0.00320063
2.02861 0.0031463
2.02879 0.000173364
2.02902 0.000228617
2.03395 0.00493135
2.03405 0.000103444
2.03703 0.00298101
2.03858 0.00154656
2.03956 0.000978357
2.04001 0.000453217
2.04149 0.00148501
2.04351 0.00201758
2.04674 0.00323036
2.04685 0.000104024
2.04818 0.00133506
2.05076 0.00258131
2.05591 0.00515203
2.06048 0.00456319
2.06231 0.00183313
2.06351 0.0011956
2.06382 0.000312603
2.0644 0.000584128
2.06467 0.000270731
2.06859 0.00391662
2.06926 0.000670814
2.06928 2.05004e-05
2.06943 0.000150012
2.07034 0.000908373
2.07326 0.00291533
2.07509 0.00183622
2.0756 0.000505097
2.08459 0.00899278
2.08684 0.0022469
2.08721 0.000375183
2.09089 0.00367439
2.09105 0.000166003
2.09307 0.00201692
2.09316 8.64535e-05
2.0942 0.00104219
2.09499 0.00079164
2.09604 0.00105042
2.09631 0.000272257
2.09724 0.000929872
2.09973 0.0024838
2.10119 0.00146658
2.10124 4.80063e-05
2.10147 0.000234145
2.10181 0.000334655
2.10355 0.00173777
2.10389 0.000341397
2.10465 0.000762458
2.10644 0.00179088
2.11488 0.00843385
2.11587 0.000989706
2.11661 0.000745533
2.11687 0.00026348
2.11743 0.000556848
2.11762 0.000185561
2.12247 0.0048533
2.12264 0.000170416
2.12436 0.00171493
2.12466 0.000306515
2.12566 0.00100054
2.12599 0.000326152
2.12663 0.00064137
2.12879 0.00216085
2.13194 0.00315161
2.13195 1.16486e-05
2.13287 0.00091336
2.13304 0.000167793
2.13395 0.000917849
2.13466 0.000708434
2.13624 0.00157756
2.13669 0.000450854
2.13707 0.000379066
2.13798 0.000910533
2.1388 0.000823564
2.14094 0.00213482
2.14164 0.000699993
2.14785 0.00621576
2.14822 0.000362252
2.14859 0.000375833
2.14903 0.000436131
2.15184 0.00281372
2.15187 3.24095e-05
2.15276 0.000888819
2.15464 0.00187647
2.15511 0.000467093
2.15559 0.000484641
2.1593 0.00371288
2.16182 0.0025113
2.16183 1.47389e-05
2.16405 0.00222139
2.1658 0.00174824
2.16665 0.000852933
2.16902 0.00237
2.16955 0.000523774
2.16976 0.000218759
2.17076 0.000998033
2.17477 0.00401117
2.17618 0.00140746
2.17633 0.000148951
2.17767 0.00134261
2.18025 0.00257908
2.18029 3.42369e-05
2.18728 0.00699603
2.18799 0.000707252
2.1897 0.00170753
2.19063 0.00093426
2.19065 2.11194e-05
2.19078 0.000130309
2.19124 0.000459311
2.19369 0.00244657
2.19394 0.000246859
2.1941 0.000164303
2.19503 0.00093477
2.19569 0.000656872
2.19878 0.00309236
2.19885 6.52125e-05
2.19919 0.000336946
2.20021 0.00101983
2.20074 0.00053003
2.20228 0.00154488
2.20264 0.000358794
2.20383 0.00118753
2.20763 0.00380542
2.21073 0.00310225
2.21311 0.00237853
2.21381 0.000696808
2.21577 0.001955
2.21741 0.00164521
2.21783 0.000418894
2.22336 0.00553503
2.22546 0.00209493
2.22632 0.000861655
2.22805 0.00173313
2.22857 0.00052086
2.23169 0.00311978
2.23536 0.00366488
2.23562 0.000264017
2.23656 0.000937203
2.24299 0.00643227
2.243 4.14457e-06
2.24313 0.000127986
2.24532 0.00219367
2.24786 0.00254108
2.24893 0.00107228
2.2522 0.00326351
2.25386 0.00166687
2.25751 0.00364415
2.26016 0.00264958
2.26082 0.000667785
2.26218 0.00135395
2.26263 0.000449274
2.26334 0.000712773
2.26405 0.000710464
2.26439 0.000342078
2.26816 0.00376796
2.26969 0.00152978
2.2697 9.88164e-06
2.27128 0.00157822
2.27162 0.000344593
2.27274 0.00111363
2.2738 0.00106779
2.27396 0.000156162
2.27457 0.000605074
2.27607 0.00150596
2.27625 0.000175112
2.27642 0.00017313
2.27772 0.00129851
2.27945 0.00173463
2.28095 0.00149934
2.28376 0.00281041
2.28433 0.000563079
2.28476 0.000431367
2.28581 0.00104953
2.2866 0.000793232
2.28754 0.000936353
2.2942 0.00666804
2.29446 0.0002604
2.29634 0.00187502
2.29688 0.000536226
2.30013 0.00325785
2.30029 0.000151933
2.30137 0.00108033
2.30181 0.000442961
2.3033 0.00149109
2.30648 0.00318363
2.30747 0.000986828
2.30793 0.000462491
2.30898 0.00104934
2.31029 0.00131014
2.31087 0.000573828
2.31125 0.000385032
2.312 0.0007457
2.31327 0.00127711
2.31405 0.000773058
2.31486 0.000813188
2.31531 0.000452553
2.31618 0.000862669
2.31939 0.00321359
2.32161 0.00222014
2.3291 0.0074884
2.32916 5.88612e-05
2.33201 0.00285754
2.3332 0.00118068
2.33897 0.00577187
2.33996 0.000990398
2.34028 0.000326421
2.3416 0.00131571
2.34189 0.000294461
2.34238 0.000487791
2.34297 0.0005861
2.34362 0.000648591
2.34442 0.000808423
2.34676 0.00233899
2.34726 0.000494466
2.34792 0.000664711
2.34881 0.000890835
2.34882 1.09741e-05
2.34926 0.000435973
2.34981 0.00054948
2.35529 0.0054812
2.3585 0.00320933
2.35996 0.00145961
2.36736 0.00740219
2.36854 0.00117775
2.37375 0.00520847
2.3743 0.000550479
2.3745 0.000204049
2.37476 0.000260548
2.37589 0.00112873
2.37831 0.00241692
2.38189 0.00358248
2.3823 0.000404461
2.38395 0.00164928
2.38441 0.000465764
2.38744 0.00303062
2.39056 0.00312075
2.39063 6.22383e-05
2.39146 0.000829993
2.39192 0.00046017
2.39455 0.00263234
2.39478 0.00022835
2.39843 0.00365322
2.39908 0.000646008
2.40046 0.0013888
2.40503 0.00456112
2.40606 0.00103078
2.4101 0.00404751
2.41112 0.00101945
2.41191 0.000786676
2.41492 0.00301481
2.41844 0.00351412
2.41848 4.20911e-05
2.41998 0.00149757
2.42094 0.000959917
2.42143 0.000495902
2.42174 0.000306091
2.42236 0.000623102
2.42285 0.000487503
2.4253 0.00245131
2.42627 0.000966032
2.427 0.000734907
2.42729 0.000288672
2.43117 0.00387902
2.43634 0.00517183
2.43826 0.00192075
2.44104 0.00277962
2.44261 0.00156454
2.44287 0.000267093
2.44366 0.00078164
2.45104 0.00738169
2.45257 0.00153437
2.45291 0.000339651
2.45697 0.00405934
2.46048 0.00351353
2.46128 0.000791896
2.46236 0.00108014
2.46268 0.000321207
2.46386 0.00118243
2.46621 0.00235241
2.46747 0.00126197
2.47531 0.00783884
2.47886 0.00354479
2.47942 0.000565193
2.48244 0.00301164
2.48267 0.000235895
2.48447 0.00179614
2.48459 0.000125552
2.48541 0.00082032
2.48618 0.000769706
2.48865 0.0024661
2.48943 0.000781526
2.49107 0.00163819
2.49122 0.000153816
2.49152 0.000296341
2.49341 0.00188628
2.49433 0.000928758
2.49678 0.00244376
2.49722 0.00043916
2.4978 0.000584856
2.50005 0.00225067
2.50052 0.000464572
2.50086 0.000346124
2.5052 0.00433297
2.50579 0.000590623
2.50607 0.000281215
2.50742 0.00135102
2.5098 0.00238586
2.51 0.000199187
2.51221 0.00220868
2.51237 0.000157138
2.51251 0.000144892
2.51353 0.00101973
2.51633 0.0028005
2.5169 0.000562735
2.5179 0.00100446
2.51813 0.000231272
2.52185 0.00371789
2.52219 0.000339704
2.52735 0.00515911
2.52967 0.00231579
2.53025 0.000587259
2.53101 0.000753076
2.53231 0.0013068
2.5325 0.000188633
2.53303 0.000532726
2.53354 0.000505504
2.53368 0.000140142
2.53572 0.00203627
2.53605 0.000332623
2.53678 0.000733106
2.53794 0.00115863
2.53904 0.00109906
2.5408 0.00175899
2.54573 0.00493406
2.54592 0.000190569
2.54685 0.000929588
2.55309 0.00623577
2.55716 0.00407294
2.55728 0.000119649
2.561 0.00372006
2.56268 0.00168193
2.56463 0.00194446
2.56513 0.000498358
2.56702 0.00189645
2.56857 0.00155231
2.56858 9.73776e-07
2.57018 0.00160436
2.57072 0.000537599
2.57251 0.00178826
2.57524 0.00273202
2.57619 0.000953631
2.57686 0.000669074
2.57847 0.00161295
2.58026 0.00178436
2.58102 0.000766976
2.58757 0.00654213
2.58774 0.000171229
2.58874 0.00100582
2.59192 0.0031734
2.59374 0.00181985
2.5957 0.00195965
2.5975 0.00180368
2.60033 0.00283276
2.60087 0.000535211
2.60313 0.00226416
2.60344 0.000307744
2.60527 0.00183401
2.60644 0.00116406
2.60909 0.00265362
2.60974 0.000649948
2.61033 0.000588131
2.61046 0.000134597
2.6116 0.00113632
2.61168 7.67063e-05
2.615 0.00331968
2.61518 0.000185783
2.61647 0.00128426
2.6168 0.000332656
2.61747 0.000666093
2.61795 0.000487931
2.6196 0.00164644
2.62074 0.00113443
2.62133 0.000593313
2.62861 0.00728386
2.6304 0.00178759
2.63142 0.00101589
2.63196 0.000548107
2.63402 0.00205554
2.63403 1.01018e-05
2.63528 0.00124689
2.63553 0.000255624
2.63593 0.000393069
2.63607 0.000147221
2.63613 6.25431e-05
2.63724 0.00110272
2.63826 0.00102032
2.6394 0.00114624
2.63976 0.000357896
2.63992 0.000159342
2.64 7.81209e-05
2.6408 0.000800599
2.64086 6.34484e-05
2.64461 0.00374757
2.64629 0.00167802
2.64703 0.000743113
2.65032 0.00328866
2.6529 0.00258304
2.65355 0.000644713
2.65522 0.00167452
2.65543 0.000206786
2.65821 0.00278377
2.65949 0.00127525
2.66013 0.000645015
2.6606 0.00046454
2.66572 0.00511894
2.66597 0.000255311
2.66945 0.0034723
2.67096 0.00151698
2.67208 0.001121
2.67427 0.00218824
2.67558 0.00131106
2.6781 0.00251713
2.67928 0.00117577
2.68075 0.00147032
2.68176 0.00101429
2.68635 0.00459417
2.68687 0.000516045
2.6874 0.000526297
2.68835 0.00095256
2.68845 0.000102748
2.68856 0.000105369
2.69116 0.00259822
2.69286 0.00170416
2.69318 0.000322847
2.69361 0.000426904
2.69397 0.000361911
2.69408 0.000113446
2.69427 0.000190287
2.69433 5.6354e-05
2.69535 0.00102121
2.69538 3.06284e-05
2.69621 0.000831439
2.69943 0.00322023
2.69994 0.000507605
2.70061 0.000664284
2.70061 7.31643e-06
2.70078 0.000161846
2.70298 0.00220487
2.70449 0.00150876
2.70491 0.000417156
2.70775 0.00284703
2.70916 0.00140222
2.70926 0.000109097
2.70944 0.000176345
2.71285 0.00340655
2.71363 0.000779615
2.71744 0.00381009
2.72247 0.00502745
2.72273 0.000266593
2.72369 0.000954172
2.72403 0.000346058
2.72429 0.00025448
2.72609 0.00179996
2.72831 0.00222025
2.72902 0.000712684
2.7305 0.00147674
2.73078 0.000288604
2.73099 0.000203315
2.73185 0.000859358
2.7326 0.000754431
2.73791 0.00530624
2.73946 0.00154992
2.74062 0.00116122
2.74196 0.00133672
2.74224 0.000279635
2.74267 0.0004354
2.74604 0.00336728
2.74798 0.00193756
2.75056 0.00258789
2.7509 0.000340013
2.75198 0.00107213
2.75315 0.00117604
2.75324 8.80454e-05
2.75374 0.000498081
2.75405 0.000314144
2.75465 0.000595027
2.75572 0.00107781
2.7623 0.00657426
2.76325 0.000952064
2.76565 0.0023984
2.7694 0.00375297
2.76993 0.000526629
2.772 0.00207194
2.77967 0.0076641
2.78158 0.00191527
2.78174 0.000163908
2.78212 0.00037457
2.78216 3.73117e-05
2.78323 0.00106897
2.78789 0.00466157
2.78954 0.00164943
2.79131 0.00177684
2.7942 0.00288349
2.79651 0.00231272
2.79767 0.00116424
2.80055 0.002874
2.80297 0.0024208
2.80565 0.00268493
2.80662 0.000971433
2.80665 2.49703e-05
2.80794 0.00129011
2.80851 0.000566183
2.80915 0.000644052
2.80942 0.000268624
2.81654 0.00711678
2.81688 0.000340441
2.81861 0.00173036
2.81877 0.000161539
2.8208 0.00203334
2.82238 0.00157573
2.82403 0.00165676
2.82451 0.000476478
2.82947 0.00496334
2.8331 0.00362556
2.83372 0.000622466
2.83801 0.00428936
2.83915 0.00114185
2.84006 0.0009058
2.84035 0.000288624
2.84081 0.000459513
2.84136 0.000556595
2.84195 0.000589256
2.84563 0.00368063
2.84728 0.00165037
2.85055 0.0032664
2.85158 0.00102637
2.85218 0.000603827
2.85345 0.00126719
2.85657 0.00312098
2.85769 0.00112662
2.86166 0.00396697
2.86187 0.000212363
2.86264 0.000767013
2.86421 0.00157151
2.86593 0.00171784
2.86989 0.00395767
2.87067 0.000784454
2.8739 0.00322322
2.875 0.0011091
2.87663 0.00162453
2.87674 0.000114078
2.87893 0.00219013
2.88117 0.00223572
2.88249 0.00131865
2.8842 0.00171679
2.88723 0.00302517
2.88798 0.000752084
2.8888 0.000816205
2.88883 2.74861e-05
2.89093 0.00210039
2.89451 0.00358746
2.89527 0.000755964
2.89589 0.000619561
2.89784 0.0019468
2.89925 0.00140984
2.89988 0.000632786
2.90128 0.00139762
2.90131 2.95349e-05
2.90446 0.00315924
2.90699 0.00252198
2.90973 0.00273867
2.91211 0.00238332
2.91384 0.00172888
2.91483 0.000993968
2.91509 0.000253247
2.91532 0.000232077
2.91638 0.0010645
2.91749 0.0011084
2.91833 0.00084343
2.91839 5.9881e-05
2.91938 0.00099097
2.92045 0.00106923
2.92268 0.00223051
2.92285 0.000169135
2.92964 0.00678405
2.93025 0.000616689
2.93205 0.00179977
2.93375 0.001695
2.93517 0.00141681
2.93633 0.00116884
2.93677 0.000439084
2.93678 6.94198e-06
2.93847 0.00169123
2.93849 1.62714e-05
2.93859 0.000102652
2.93884 0.000251488
2.93992 0.00107903
2.94159 0.00166711
2.94186 0.000274103
2.94254 0.000674273
2.9427 0.000165363
2.94551 0.00281145
2.94808 0.00256601
2.94817 9.20956e-05
2.94819 2.34844e-05
2.95092 0.00272937
2.95131 0.000388154
2.95961 0.00829362
2.95962 1.19903e-05
2.96002 0.000406413
2.96229 0.0022623
2.96243 0.000140971
2.96288 0.000453239
2.96326 0.000377198
2.96352 0.000265165
2.96535 0.00182993
2.96629 0.000939679
2.96635 5.21313e-05
2.9699 0.00355726
2.97046 0.000559865
2.9706 0.000141062
2.97149 0.00088709
2.97268 0.00119163
2.97345 0.000764787
2.97355 9.86019e-05
2.9751 0.001559
2.97674 0.00163467
2.98246 0.00572127
2.98262 0.000158866
2.98432 0.00169812
2.98576 0.00144529
2.98843 0.00266416
2.98944 0.00101097
2.98982 0.000379821
2.99245 0.00262825
2.99447 0.00202804
2.99594 0.00146436
2.99912 0.00317845
2.99939 0.000275987
2.9994 5.67405e-06
3.00035 0.000947227
3.00517 0.00482399
3.00597 0.000802333
3.00736 0.001385
3.00746 0.000100339
3.00748 1.96302e-05
3.00774 0.000261199
3.00775 8.87758e-06
3.00882 0.00107091
3.01002 0.00119935
3.01002 8.56316e-07
3.01228 0.00226132
3.01279 0.000509048
3.01281 1.68122e-05
3.01288 7.76657e-05
3.01295 6.37863e-05
3.02249 0.00954709
3.02395 0.00145781
3.02593 0.001977
3.02836 0.00242838
3.02916 0.000803804
3.02961 0.000452999
3.03272 0.00310916
3.03294 0.000213788
3.0341 0.00116235
3.0347 0.000598185
3.03603 0.00132881
3.03625 0.000226707
3.04104 0.00478837
3.04261 0.00157174
3.04265 3.31169e-05
3.04454 0.00189329
3.04666 0.00211745
3.04824 0.00157911
3.05053 0.00229266
3.05084 0.000311631
3.05104 0.000198339
3.05287 0.00183127
3.05453 0.00165607
3.05821 0.00368425
3.05841 0.000201615
3.05865 0.000241867
3.06277 0.0041197
3.06287 9.86398e-05
3.06647 0.00360247
3.06662 0.000145511
3.07023 0.00361515
3.07137 0.00113847
3.07329 0.00191448
3.07685 0.00356456
3.07794 0.00108578
3.07862 0.000682631
3.07896 0.00034246
3.08389 0.00492204
3.08511 0.00122357
3.08558 0.000469525
3.08612 0.000538339
3.08624 0.000126583
3.08869 0.00245104
3.08915 0.000454341
3.0893 0.000147823
3.09057 0.00126929
3.09556 0.00499432
3.09641 0.000845604
3.0984 0.00199492
3.10333 0.00492751
3.10334 1.07495e-05
3.10421 0.000874454
3.10612 0.00191045
3.10966 0.00353645
3.1097 3.84552e-05
3.11279 0.00309534
3.11486 0.0020624
3.1169 0.00204185
3.11788 0.00098363
3.119 0.00111425
3.11995 0.000951327
3.1255 0.00555676
3.13095 0.00544166
3.13176 0.000814781
3.13578 0.00401471
3.13619 0.000411502
3.1369 0.000713276
3.13733 0.000429607
3.13784 0.000512512
3.14192 0.00407361
3.14587 0.00395564
3.1528 0.00692356
3.15307 0.00027441
3.15309 2.47774e-05
3.15358 0.000486302
3.15382 0.0002397
3.15575 0.00192872
3.15905 0.00330541
3.16267 0.00361166
3.16329 0.000628458
3.16379 0.000495024
3.16563 0.00184044
3.16587 0.000239205
3.16713 0.00126318
3.16869 0.00155705
3.16947 0.0007801
3.17107 0.00159934
3.17168 0.000613875
3.1723 0.000612492
3.17429 0.00199749
3.17719 0.00290041
3.18148 0.00428869
3.18243 0.000945124
3.18275 0.000325199
3.18545 0.00269439
3.18573 0.000283454
3.18698 0.00124633
3.18777 0.00079306
3.18861 0.000842201
3.19519 0.00658223
3.19583 0.000638708
3.1974 0.00156284
3.19891 0.00151191
3.20155 0.00264566
3.20194 0.000385545
3.20413 0.00218885
3.20557 0.00144153
3.21118 0.00560689
3.21255 0.00137836
3.2166 0.00404652
3.21761 0.00101411
3.21901 0.001392
3.21953 0.000524427
3.22133 0.00179472
3.22213 0.000808433
3.2235 0.00136702
3.22399 0.000487149
3.2243 0.000308775
3.22475 0.000448802
3.22501 0.00026541
3.22598 0.000968341
3.22715 0.0011725
3.22835 0.00119843
3.23014 0.001787
3.23152 0.0013866
3.23258 0.00105939
3.23679 0.00420512
3.23889 0.00209998
3.24001 0.00111705
3.24151 0.00150211
3.24203 0.00052436
3.24551 0.00347325
3.24661 0.00110387
3.24898 0.00236882
3.2493 0.000325072
3.24938 7.36958e-05
3.25005 0.000676947
3.25008 3.02138e-05
3.25029 0.000202648
3.25101 0.000725728
3.25133 0.000316759
3.25202 0.000691687
3.25313 0.00111359
3.25535 0.00221543
3.25592 0.000572634
3.25758 0.00165608
3.25837 0.000794939
3.25884 0.000467905
3.26241 0.00356394
3.26261 0.000209105
3.26425 0.00163099
3.26534 0.00109682
3.26995 0.00460804
3.2712 0.00124608
3.27518 0.00398366
3.2773 0.0021156
3.27798 0.000683026
3.28071 0.0027325
3.28199 0.00128098
3.28352 0.00152684
3.28365 0.00013221
3.28599 0.00233785
3.28935 0.0033564
3.29081 0.00146485
3.29082 8.03276e-06
3.29084 1.7825e-05
3.29196 0.00111972
3.29227 0.00031384
3.29248 0.000213977
3.29508 0.00259668
3.29968 0.00459638
3.30039 0.000712088
3.30204 0.0016486
3.30397 0.00193484
3.30566 0.0016838
3.31268 0.00702025
3.31598 0.00330517
3.31913 0.00314633
3.31989 0.000765652
3.32097 0.00107452
3.32131 0.000343146
3.32217 0.000857797
3.32333 0.00116005
3.3257 0.00236662
3.32642 0.000724286
3.3265 8.18116e-05
3.32791 0.00140918
3.32799 7.77972e-05
3.32833 0.000340537
3.32892 0.000590974
3.33131 0.002388
3.33238 0.0010762
3.33311 0.000726841
3.3346 0.00148343
3.33494 0.000345354
3.33533 0.000386206
3.33593 0.000601195
3.33896 0.00302807
3.33915 0.000191804
3.34081 0.00165954
3.34488 0.0040741
3.3483 0.00341835
3.349 0.000699759
3.3512 0.0022
3.35223 0.00103309
3.35239 0.000157741
3.3526 0.000213499
3.35323 0.000623353
3.35515 0.00192619
3.35726 0.00210919
3.35868 0.00142213
3.36249 0.00381009
3.36288 0.000382869
3.36335 0.000476966
3.36386 0.000508984
3.36758 0.00371992
3.36898 0.00140104
3.36956 0.000571904
3.36983 0.000276757
3.37272 0.00288836
3.37596 0.0032366
3.37752 0.00156401
3.38097 0.0034497
3.38357 0.00259955
3.386 0.00242437
3.38667 0.000674083
3.38685 0.000182061
3.3872 0.000350705
3.38883 0.00162765
3.39342 0.00459253
3.39361 0.000185347
3.39397 0.000357619
3.39639 0.00242501
3.39643 4.40057e-05
3.40039 0.0039521
3.40237 0.00198675
3.40387 0.00149549
3.40531 0.00143872
3.40593 0.000618854
3.40746 0.00153089
3.40762 0.000165347
3.40812 0.000493894
3.40903 0.000916151
3.41023 0.00119657
3.41098 0.000747217
3.41394 0.00296162
3.41407 0.000127749
3.41518 0.00110978
3.41932 0.00414397
3.42276 0.00344458
3.42566 0.00289535
3.42682 0.00116416
3.42844 0.00161684
3.42846 1.45644e-05
3.43127 0.00280973
3.43459 0.00332125
3.4346 1.8524e-05
3.43581 0.0012072
3.43822 0.00240737
3.44265 0.00443449
3.44272 6.29588e-05
3.44306 0.000347627
3.44494 0.00187115
3.44544 0.000504747
3.44584 0.000397458
3.44588 3.86757e-05
3.44728 0.00140791
3.44995 0.00266345
3.45282 0.00287657
3.45374 0.000914191
3.45662 0.00287884
3.45723 0.00061155
3.45827 0.00104357
3.45961 0.00134034
3.45985 0.000232315
3.46088 0.00103041
3.46172 0.000847255
3.46235 0.000629493
3.46337 0.00102242
3.46443 0.00105774
3.46662 0.00218338
3.46883 0.00221863
3.4698 0.000966094
3.47007 0.000272337
3.47208 0.00201016
3.47274 0.000655075
3.47375 0.00101044
3.47492 0.00117256
3.4775 0.00258196
3.47808 0.000573382
3.47849 0.000409745
3.47978 0.00129417
3.48078 0.000996982
3.48124 0.000458344
3.48178 0.000541662
3.4819 0.000122709
3.48204 0.000143095
3.4833 0.00125589
3.48358 0.000279793
3.48466 0.0010803
3.48488 0.000217155
3.48819 0.00331821
3.48822 2.37661e-05
3.48848 0.000266276
3.49351 0.00502436
3.49393 0.000416899
3.49394 1.35832e-05
3.49407 0.000134217
3.49461 0.000539011
3.49556 0.000942352
3.49566 0.000107774
3.49615 0.000487939
3.4981 0.00195101
3.49811 9.16755e-06
3.50089 0.0027826
3.50245 0.00155977
3.50342 0.000969571
3.5057 0.00228149
3.5069 0.00119349
3.50865 0.00174897
3.50871 6.46308e-05
3.50884 0.000123721
3.5092 0.000367384
3.51379 0.00458546
3.51387 8.10698e-05
3.51422 0.000352623
3.51455 0.000327673
3.5149 0.000355339
3.51698 0.00207035
3.5173 0.00032602
3.52144 0.00413491
3.52171 0.000275284
3.52544 0.00372868
3.52614 0.000702844
3.52677 0.000623799
3.5282 0.00142958
3.52976 0.00156125
3.53327 0.00351253
3.53432 0.00105392
3.53524 0.000919761
3.5374 0.00215856
3.53911 0.00170767
3.53961 0.00050286
3.54186 0.00224996
3.54244 0.00057377
3.54357 0.00113145
3.54501 0.00144263
3.54585 0.000836624
3.54643 0.000579991
3.54681 0.00038156
3.54726 0.000453671
3.54749 0.000224141
3.54861 0.00112446
3.5507 0.00208455
3.55227 0.00157491
3.5527 0.000426343
3.55424 0.00154126
3.55724 0.00299788
3.55873 0.00149088
3.56144 0.00271105
3.56559 0.00414902
3.56696 0.00137572
3.56727 0.000307689
3.57172 0.00444908
3.57208 0.000357899
3.57238 0.000303175
3.57354 0.00116219
3.57467 0.00112293
3.57512 0.00045885
3.57698 0.00185094
3.57906 0.00208451
3.57908 1.82356e-05
3.58106 0.0019863
3.58214 0.00107374
3.58241 0.000269099
3.58377 0.00135842
3.58457 0.000803766
3.58771 0.00313592
3.58936 0.00165757
3.58936 3.4568e-07
3.59276 0.00339902
3.5934 0.000642448
3.59476 0.00135536
3.59516 0.000401109
3.59812 0.00295706
3.5983 0.000185031
3.59884 0.00053257
3.59905 0.000212489
3.60057 0.00152474
3.60347 0.00289697
3.60573 0.00225833
3.60676 0.00103124
3.60972 0.00296109
3.60976 3.95087e-05
3.61135 0.00158548
3.61136 1.81585e-05
3.61156 0.000200535
3.6119 0.00033057
3.61458 0.00268437
3.61671 0.00213207
3.61673 2.19059e-05
3.6169 0.000170382
3.61725 0.000348149
3.62048 0.0032315
3.62049 5.91811e-06
3.62207 0.00157989
3.62337 0.00130449
3.6242 0.000829895
3.62781 0.00361092
3.62893 0.00111284
3.62952 0.000591835
3.63 0.000478304
3.63217 0.00217117
3.63491 0.00274377
3.63629 0.00137777
3.63942 0.00313351
3.64216 0.00273434
3.64504 0.00288395
3.64608 0.00103619
3.64966 0.00358088
3.64967 1.58596e-05
3.65347 0.00379236
3.6541 0.000634872
3.65651 0.00240893
3.65657 6.06729e-05
3.65846 0.00189198
3.65958 0.00111237
3.66053 0.000958413
3.66687 0.00633103
3.66783 0.000966411
3.66827 0.000441314
3.66972 0.00144676
3.66981 8.74729e-05
3.6709 0.00109098
3.67194 0.00103944
3.67792 0.00598117
3.67851 0.000586079
3.6812 0.00269322
3.68218 0.00097679
3.6836 0.0014274
3.68367 6.71463e-05
3.68518 0.00150787
3.68587 0.000690385
3.68633 0.000463556
3.68641 7.58271e-05
3.68655 0.000142177
3.6879 0.00134884
3.68821 0.000306998
3.68856 0.000352845
3.68924 0.000679658
3.69132 0.00207781
3.69169 0.000369863
3.69246 0.000774767
3.69516 0.00270196
3.69906 0.00389826
3.69949 0.00042624
3.70296 0.00347004
3.70334 0.000382704
3.70415 0.000807364
3.70459 0.00044643
3.70662 0.00202252
3.70705 0.000431175
3.70715 0.00010685
3.70758 0.00042168
3.70764 6.28912e-05
3.7099 0.00226083
3.70994 4.50236e-05
3.71018 0.000236638
3.71204 0.00186183
3.71415 0.00210602
3.71419 3.74545e-05
3.71419 8.50984e-06
3.71442 0.000230037
3.71469 0.000269779
3.71476 6.81622e-05
3.7175 0.0027369
3.71822 0.000721215
3.72127 0.00304819
3.7223 0.00103548
3.72295 0.00064618
3.72395 0.000996218
3.72482 0.000872118
3.72545 0.000633751
3.72618 0.000729634
3.72632 0.000140355
3.72818 0.00185538
3.72845 0.000275858
3.72903 0.000577194
3.73134 0.00231234
3.73206 0.000719432
3.73254 0.000476844
3.73325 0.000705744
3.73531 0.00206709
3.73704 0.00172806
3.73757 0.000526612
3.73855 0.000985529
3.74211 0.00355422
3.74418 0.00207088
3.74585 0.00167141
3.74643 0.0005817
3.74738 0.000953178
3.74895 0.00156865
3.74975 0.000795227
3.75028 0.000527852
3.75445 0.00416986
3.75737 0.00292386
3.75898 0.00160541
3.75928 0.000303537
3.76096 0.00168126
3.76137 0.000408136
3.76599 0.00462693
3.76711 0.00111938
3.76725 0.000130817
3.76729 3.99918e-05
3.76744 0.000155246
3.76758 0.000141204
3.76792 0.000339906
3.76922 0.00129708
3.77075 0.00153128
3.77318 0.0024271
3.77365 0.000470541
3.77417 0.000526198
3.77781 0.00363778
3.77839 0.000578586
3.783 0.0046085
3.78418 0.00118401
3.78592 0.00174238
3.78761 0.00168047
3.7897 0.00209256
3.7908 0.00110463
3.79164 0.000842328
3.79169 4.56891e-05
3.7938 0.00211048
3.79403 0.00022965
3.79618 0.00214479
3.79625 7.80404e-05
3.79634 9.04429e-05
3.79707 0.000721595
3.79767 0.000600321
3.79779 0.000125638
3.79889 0.00109867
3.79939 0.000502814
3.80273 0.00333735
3.80377 0.00104386
3.80629 0.00251888
3.80938 0.00308816
3.81284 0.00345533
3.81403 0.0011912
3.81544 0.00141642
3.81797 0.00252631
3.81852 0.000549753
3.82136 0.00284194
3.82269 0.00132277
3.82372 0.00103462
3.82447 0.000751238
3.82548 0.001013
3.82773 0.0022482
3.82823 0.000495977
3.82986 0.00163252
3.82999 0.000129189
3.83102 0.00102973
3.83231 0.0012859
3.83485 0.00254338
3.83855 0.00370267
3.83944 0.000885601
3.84101 0.0015727
3.84348 0.00247132
3.84374 0.00025943
3.84461 0.000867507
3.85057 0.00596058
3.8529 0.00233181
3.85369 0.00078884
3.8586 0.00490791
3.85981 0.0012143
3.86028 0.00046879
3.86521 0.00492554
3.86749 0.00228606
3.87294 0.00544793
3.8739 0.000957819
3.87578 0.00187849
3.87591 0.000138573
3.87601 9.87784e-05
3.87622 0.000209744
3.87755 0.00132334
3.87973 0.00218057
3.88001 0.000286259
3.88018 0.000164825
3.88039 0.00020916
3.88322 0.00283669
3.88401 0.000789395
3.88462 0.00060902
3.88521 0.00058999
3.88683 0.00161278
3.88839 0.00156963
3.88895 0.000556348
3.88931 0.000357648
3.89155 0.00224177
3.89393 0.00238163
3.89665 0.00271582
3.89793 0.001283
3.89912 0.00118517
3.89943 0.000310345
3.90057 0.00114746
3.90063 6.04038e-05
3.90065 1.55112e-05
3.90121 0.000562295
3.90161 0.000402124
3.90194 0.000324127
3.9051 0.00316127
3.90566 0.000559695
3.90804 0.0023769
3.90869 0.00065477
3.90947 0.000779641
3.90968 0.000213995
3.91023 0.000540763
3.9106 0.000374774
3.91323 0.0026262
3.91599 0.00276764
3.9163 0.000302275
3.91815 0.00185238
3.91915 0.00100573
3.9196 0.000445986
3.92387 0.00426497
3.92583 0.00196187
3.92616 0.000337607
3.92853 0.00236356
3.93059 0.00206058
3.9323 0.00170961
3.93323 0.00093445
3.93388 0.000648433
3.9342 0.000322415
3.9354 0.00119915
3.93683 0.00142534
3.93855 0.00171889
3.93878 0.000236686
3.93958 0.000797979
3.94016 0.000582208
3.94415 0.00399007
3.94553 0.00137282
3.94612 0.000592836
3.94697 0.000852594
3.94815 0.00117422
3.94896 0.000814473
3.94915 0.000186454
3.95205 0.00290302
3.95208 2.82428e-05
3.9528 0.000725095
3.95392 0.00111237
3.95705 0.0031335
3.95888 0.00183141
3.95894 5.97711e-05
3.96047 0.0015293
3.96071 0.000239044
3.96113 0.000421721
3.96458 0.00344424
3.9647 0.000120679
3.96706 0.00236017
3.96922 0.00216122
3.97048 0.00126012
3.97101 0.000536602
3.97527 0.00425244
3.9769 0.00163777
3.97724 0.000337868
3.97827 0.00102589
3.98268 0.00441654
3.98322 0.000531316
3.98324 1.96475e-05
3.9836 0.000365191
3.98521 0.00160744
3.98594 0.000731316
3.98691 0.000970004
3.98773 0.000815963
3.99007 0.00234357
3.9908 0.000726167
3.99085 5.834e-05
3.99744 0.0065911
3.99749 4.90033e-05
3.99809 0.000595566
3.99995 0.00186147
4.00118 0.00123014
4.00165 0.00047385
4.00169 3.42703e-05
4.00597 0.0042842
4.00784 0.00187054
4.01162 0.00377335
4.01391 0.00229553
4.01552 0.00160327
4.01934 0.00382591
4.01977 0.000429641
4.02108 0.00130687
4.02289 0.00180735
4.02635 0.00346439
4.02645 9.77535e-05
4.02746 0.00101395
4.02764 0.000176144
4.02842 0.00077854
4.02946 0.00104788
4.03135 0.00188882
4.03422 0.00286819
4.03446 0.00023429
4.03468 0.000223498
4.03516 0.000481334
4.03606 0.000895041
4.04042 0.00436326
4.0415 0.00108206
4.04324 0.00173774
4.04502 0.00178083
4.04519 0.000168168
4.04542 0.000230558
4.04902 0.00360188
4.05024 0.00121495
4.05034 0.000102648
4.05263 0.00228767
4.05481 0.00218109
4.0566 0.0017934
4.05867 0.00206809
4.05985 0.00118691
4.05989 3.79115e-05
4.06088 0.000990783
4.06269 0.00180728
4.06647 0.00377784
4.06717 0.000699159
4.06935 0.00217952
4.07015 0.000800565
4.07839 0.00824388
4.07886 0.000467771
4.08424 0.00538272
4.0853 0.00105621
4.09093 0.00563467
4.0916 0.000664697
4.09231 0.000713544
4.09261 0.000300211
4.09432 0.00171092
4.09756 0.00324119
4.09784 0.00027534
4.0981 0.000262164
4.09814 3.74691e-05
4.09972 0.00158386
4.10068 0.000955536
4.10212 0.00143948
4.10619 0.00407151
4.10724 0.00105317
4.1082 0.000957155
4.10843 0.000229814
4.10859 0.00015586
4.11485 0.00626881
4.11486 1.02568e-05
4.11488 1.46708e-05
4.1173 0.00242341
4.11807 0.00077057
4.11813 5.9751e-05
4.11831 0.000179066
4.11931 0.000995219
4.12263 0.00332185
4.12367 0.00104481
4.12565 0.00197802
4.12583 0.000174895
4.12713 0.00129888
4.12729 0.000160083
4.12729 4.80409e-06
4.12743 0.0001411
4.1296 0.00216735
4.13047 0.000868857
4.13563 0.00516661
4.13829 0.00265772
4.1408 0.00251244
4.14089 8.96391e-05
4.14264 0.00174446
4.14332 0.000685447
4.14439 0.0010689
4.1451 0.000705648
4.14773 0.0026283
4.14997 0.00224152
4.15173 0.00176589
4.15176 3.01991e-05
4.15214 0.000379223
4.15238 0.00023809
4.1547 0.00232248
4.15836 0.00365477
4.15999 0.001628
4.16363 0.00363844
4.16567 0.00204767
4.17005 0.00437502
4.17117 0.00112576
4.17438 0.00320662
4.17623 0.00185382
4.17686 0.000630515
4.1779 0.00103629
4.18132 0.00341465
4.18213 0.000812784
4.183 0.000875385
4.18457 0.00156606
4.18516 0.00059096
4.18555 0.000387989
4.18754 0.00199095
4.1878 0.000259253
4.18832 0.000518086
4.1903 0.00198695
4.19069 0.000381515
4.19236 0.00167907
4.19572 0.00335359
4.19675 0.00102722
4.20092 0.00417175
4.20352 0.00260249
4.20741 0.0038901
4.20778 0.00036769
4.20787 9.08792e-05
4.20902 0.00115206
4.20908 5.68889e-05
4.21051 0.00143355
4.21111 0.00059792
4.21145 0.000345152
4.2166 0.0051464
4.21675 0.000152244
4.22196 0.005205
4.22207 0.000114108
4.22408 0.00201153
4.22467 0.000584293
4.2254 0.000729841
4.22595 0.000550765
4.22648 0.000530303
4.22759 0.00110957
4.23288 0.00529273
4.23526 0.00237548
4.23564 0.000388514
4.23603 0.000384412
4.23649 0.00045817
4.23772 0.00123471
4.23798 0.000258728
4.23894 0.000957466
4.24015 0.00121559
4.24174 0.00158451
4.24357 0.00183295
4.24522 0.00165062
4.24569 0.000471433
4.24915 0.00345539
4.25141 0.00225959
4.25492 0.00351558
4.25628 0.00135944
4.25647 0.000188802
4.26031 0.00383345
4.26059 0.000282832
4.2641 0.00350871
4.26484 0.000744467
4.26513 0.000283678
4.26962 0.00449823
4.26972 9.47655e-05
4.27249 0.00277315
4.27268 0.000186813
4.27316 0.000484347
4.27455 0.00138658
4.276 0.0014492
4.27609 8.79118e-05
4.27613 3.91866e-05
4.27836 0.00223358
4.27904 0.000685818
4.27955 0.000500273
4.27982 0.000276084
4.28255 0.00273333
4.28944 0.00688661
4.29 0.000557624
4.29039 0.000387118
4.29101 0.000619938
4.29241 0.00139974
4.29382 0.00141653
4.30043 0.0066055
4.30054 0.000109205
4.30155 0.00101169
4.30165 0.000103288
4.30446 0.00281247
4.30845 0.00398131
4.30848 3.07099e-05
4.30867 0.000198341
4.30918 0.000505105
4.30918 4.19414e-06
4.31187 0.002689
4.31491 0.00303751
4.3161 0.0011864
4.31842 0.00232462
4.32352 0.00509573
4.32402 0.000507331
4.32436 0.000331863
4.3255 0.00113995
4.3268 0.00130329
4.32948 0.00267903
4.32985 0.000370465
4.33002 0.000167092
4.33093 0.000917666
4.33104 0.0001064
4.33191 0.000871136
4.33315 0.00123749
4.33529 0.00213701
4.33777 0.00248031
4.33911 0.00134431
4.33987 0.000759176
4.34105 0.00118366
4.34134 0.000288886
4.34152 0.000173807
4.34185 0.000331808
4.34353 0.00168637
4.34489 0.00135935
4.34515 0.000251826
4.34527 0.000126113
4.34617 0.000897954
4.3469 0.000726852
4.35149 0.0045897
4.35161 0.000128807
4.35431 0.00269225
4.35957 0.00526479
4.36151 0.00194167
4.36454 0.00302453
4.36492 0.000378819
4.37221 0.00729545
4.37317 0.000957482
4.3739 0.000726611
4.37444 0.000541319
4.37449 5.18172e-05
4.37454 5.38647e-05
4.37534 0.000798375
4.37553 0.000183705
4.37619 0.000667698
4.37821 0.00201987
4.38044 0.00222463
4.38136 0.000919515
4.38203 0.000677601
4.38473 0.00269984
4.38529 0.000555943
4.38533 4.10908e-05
4.38548 0.000150375
4.38607 0.000592546
4.38666 0.000581748
4.38801 0.00135393
4.38968 0.00166891
4.39138 0.00170249
4.39301 0.00163232
4.39452 0.00150122
4.39506 0.000545165
4.39675 0.00168574
4.39871 0.0019598
4.40135 0.00264144
4.40184 0.00048871
4.40213 0.000293271
4.40496 0.00283206
4.4059 0.000939868
4.40633 0.00042804
4.40816 0.00183351
4.40975 0.00158668
4.4098 4.79201e-05
4.4112 0.00139869
4.41163 0.000436564
4.41292 0.00129032
4.41355 0.000627332
4.41388 0.000330418
4.41464 0.000763609
4.41783 0.00318942
4.41835 0.000511973
4.41877 0.0004292
4.41895 0.000176811
4.419 4.9019e-05
4.41913 0.000128145
4.42234 0.0032069
4.42255 0.000217969
4.42298 0.000424628
4.42478 0.00179668
4.42919 0.00441364
4.42962 0.000428597
4.43 0.000380559
4.43073 0.000730857
4.4345 0.00376668
4.43498 0.000484604
4.44089 0.0059116
4.44102 0.000124861
4.44216 0.00113873
4.44511 0.00295575
4.44536 0.000253261
4.44608 0.000711471
4.44884 0.00276702
4.44955 0.000707193
4.45306 0.00351224
4.45456 0.00149569
4.45534 0.000787053
4.45741 0.00206631
4.45923 0.00182375
4.45967 0.00043481
4.45968 1.31581e-05
4.46236 0.00267906
4.46364 0.00128123
4.46404 0.000400289
4.4653 0.00125459
4.46565 0.000351457
4.46634 0.000686143
4.46776 0.00142428
4.46865 0.000886642
4.46972 0.00106854
4.47258 0.00286576
4.47309 0.000509834
4.47482 0.0017265
4.47591 0.00109413
4.47684 0.000933062
4.47732 0.000471645
4.47883 0.0015147
4.48123 0.0024042
4.48154 0.00030276
4.48212 0.000578137
4.48569 0.00357715
4.48797 0.00227305
4.49173 0.00376033
4.49416 0.00243044
4.49752 0.00336713
4.5024 0.00487707
4.50728 0.00488364
4.50749 0.000206699
4.51048 0.00298931
4.51185 0.00136463
4.51252 0.00067741
4.51264 0.000113153
4.51279 0.000156317
4.51837 0.00558204
4.52027 0.00189663
4.52125 0.00098263
4.525 0.00374216
4.52914 0.00414282
4.53705 0.00791152
4.53732 0.000265
4.53827 0.000957416
4.54352 0.00524906
4.5441 0.000575255
4.54468 0.000582831
4.54483 0.000147422
4.54703 0.00220515
4.54976 0.00272468
4.55316 0.00340121
4.55327 0.000112027
4.55372 0.000447135
4.55394 0.000219536
4.55634 0.0024012
4.55763 0.00129697
4.55815 0.00051809
4.56639 0.00823633
4.56735 0.000963942
4.56795 0.000598906
4.57245 0.00449604
4.57389 0.00144349
4.57511 0.00121599
4.5798 0.00469236
4.58146 0.00166154
4.58403 0.00256593
4.58437 0.00034694
4.58496 0.000590236
4.58595 0.000982653
4.58749 0.00153953
4.5875 1.29348e-05
4.58771 0.000214641
4.59015 0.00243925
4.59299 0.00283214
4.59379 0.00080696
4.59902 0.00522476
4.60062 0.00160009
4.60212 0.00149829
4.60264 0.000528634
4.60363 0.000984816
4.60569 0.00205868
4.60622 0.000529256
4.60664 0.00041863
4.61008 0.00344183
4.61008 3.03812e-06
4.61227 0.00219152
4.61229 1.88598e-05
4.61345 0.00116127
4.6161 0.00264618
4.61627 0.000170835
4.61708 0.000811089
4.61973 0.00264997
4.61991 0.00017699
4.62073 0.000822551
4.62086 0.000126713
4.62093 7.68997e-05
4.62183 0.000896126
4.62307 0.00124368
4.62506 0.00198849
4.62596 0.000894722
4.62704 0.00107907
4.63 0.00296126
4.63009 9.04649e-05
4.63133 0.00124641
4.63372 0.00238257
4.63529 0.00157103
4.63539 0.000106513
4.63624 0.000845243
4.63842 0.00218496
4.6392 0.000777092
4.6429 0.00370245
4.64303 0.000122347
4.64619 0.00316507
4.64699 0.000799188
4.64708 8.79306e-05
4.65048 0.00339779
4.6507 0.000224002
4.65635 0.00564818
4.65774 0.00138841
4.65831 0.000573379
4.65859 0.000283253
4.6587 0.000110118
4.65944 0.000739972
4.65988 0.000440456
4.66179 0.00190344
4.66216 0.000374595
4.6625 0.000340097
4.6628 0.000294608
4.66677 0.00397246
4.66745 0.000683212
4.66967 0.00221275
4.67196 0.00229901
4.67398 0.00201856
4.674 2.15387e-05
4.67442 0.000416809
4.67486 0.000437715
4.67609 0.00123479
4.67857 0.00247178
4.6788 0.0002316
4.68089 0.00209659
4.68437 0.00348116
4.6861 0.00172215
4.68757 0.00146977
4.68817 0.000601692
4.68856 0.000390214
4.69389 0.00533603
4.69445 0.000554455
4.69523 0.000784662
4.69758 0.00234915
4.69801 0.000430582
4.69826 0.000248559
4.70328 0.00502092
4.70387 0.000582273
4.70538 0.00151213
4.70604 0.000659927
4.70615 0.000111648
4.7109 0.00475143
4.71327 0.00236867
4.71489 0.00162612
4.71636 0.00146176
4.71647 0.000116148
4.71738 0.000910125
4.72286 0.0054769
4.72287 5.82009e-06
4.72295 7.95254e-05
4.72337 0.000428403
4.72349 0.000117662
4.72395 0.000455544
4.72432 0.000374457
4.72839 0.00407023
4.72919 0.000798001
4.72969 0.000498371
4.73312 0.00342755
4.73379 0.000675935
4.73703 0.0032388
4.7377 0.000666974
4.74266 0.00496166
4.75447 0.0118095
4.75568 0.00121051
4.75586 0.000184076
4.75774 0.0018744
4.75819 0.00045429
4.75888 0.000685146
4.75965 0.000777956
4.76392 0.00426907
4.76623 0.00230582
4.7671 0.000873092
4.76962 0.00252217
4.77086 0.0012396
4.77167 0.000804875
4.77263 0.000959272
4.77829 0.00566186
4.77844 0.000145768
4.77967 0.00123227
4.78125 0.00157686
4.78171 0.000462143
4.78182 0.00011138
4.78266 0.000840809
4.78358 0.000919999
4.78399 0.000410862
4.78516 0.00116456
4.78644 0.00128656
4.78914 0.00269778
4.78957 0.00042566
4.79406 0.0044924
4.79527 0.00121336
4.79655 0.00128273
4.79889 0.00234126
4.80266 0.00376122
4.80279 0.000135353
4.81006 0.0072657
4.81044 0.000381462
4.8108 0.000358241
4.81225 0.00145456
4.81226 1.06302e-05
4.81249 0.000225188
4.81387 0.00138262
4.81515 0.00128415
4.81845 0.003298
4.8192 0.000744765
4.81965 0.000455607
4.82097 0.00131637
4.8239 0.00292948
4.82438 0.000483089
4.82892 0.00453764
4.8305 0.00157854
4.83061 0.000113258
4.83095 0.000337912
4.8311 0.000151684
4.83378 0.00267968
4.83773 0.00394952
4.83836 0.000630337
4.83901 0.000651865
4.83983 0.000817765
4.84176 0.00193299
4.84211 0.000345696
4.84216 5.37592e-05
4.84318 0.0010227
4.84409 0.000904621
4.84531 0.00122428
4.84581 0.000499051
4.84719 0.00137793
4.84732 0.000128939
4.84854 0.00122226
4.85007 0.00152765
4.85013 6.159e-05
4.85112 0.000987977
4.85202 0.000900921
4.853 0.000984617
4.85455 0.00154724
4.85676 0.00221271
4.85715 0.000389029
4.86112 0.00396937
4.86575 0.00462786
4.86654 0.000793758
4.86925 0.00271009
4.86986 0.000600457
4.87346 0.0036006
4.87451 0.00105685
4.87516 0.000644893
4.87519 3.32617e-05
4.87671 0.00151897
4.87758 0.000867216
4.88204 0.0044586
4.88336 0.0013219
4.88393 0.000574962
4.89002 0.00609014
4.89277 0.00274447
4.89558 0.00281384
4.89829 0.00270624
4.9003 0.00201051
4.90124 0.000947275
4.90175 0.000508611
4.90184 8.30567e-05
4.90304 0.00120822
4.9045 0.00145132
4.9058 0.00129998
4.90622 0.000425961
4.90684 0.000613621
4.90873 0.00189189
4.90968 0.000949092
4.90978 0.000104115
4.91094 0.00115481
4.91283 0.00189792
4.9136 0.000769058
4.9145 0.000900684
4.91953 0.00502668
4.92163 0.0020988
4.9235 0.00187466
4.92496 0.00145508
4.92505 9.44654e-05
4.92608 0.00103101
4.92733 0.00125083
4.92791 0.000573638
4.93256 0.00465325
4.93257 4.68137e-06
4.93375 0.00118659
4.93445 0.000695557
4.93577 0.00132252
4.93609 0.000316138
4.93787 0.00178622
4.93855 0.000674112
4.94085 0.00230106
4.94092 7.1362e-05
4.94178 0.00086434
4.94253 0.000748142
4.94297 0.000435531
4.94305 8.44624e-05
4.94318 0.00012323
4.94437 0.00118992
4.94488 0.00051145
4.94644 0.00156513
4.94714 0.000698397
4.94891 0.00176874
4.95242 0.00351144
4.95276 0.000339804
4.95284 7.73974e-05
4.95333 0.000493422
4.95429 0.000963529
4.95467 0.000379159
4.9551 0.000426509
4.95517 7.37488e-05
4.95818 0.00300663
4.95942 0.00124027
4.95992 0.000496094
4.96079 0.000868693
4.96396 0.00317307
4.96529 0.00132608
4.96545 0.00016992
4.96571 0.00025982
4.96616 0.000441745
4.96718 0.00102791
4.96754 0.000351874
4.97209 0.00455171
4.97219 0.000104079
4.97286 0.000670256
4.97425 0.0013835
4.97426 1.17677e-05
4.97426 5.18711e-06
4.97448 0.000214443
4.97637 0.00189351
4.97643 6.31288e-05
4.97888 0.0024445
4.97933 0.000453552
4.98233 0.00300169
4.98479 0.00245561
4.98836 0.00357314
4.98844 7.94108e-05
4.98942 0.000979487
4.99152 0.00209477
4.99344 0.00192451
4.99903 0.00559319
5.00089 0.00185814
