0 0 2.9991341491096 2.9973812945514 -2.3642229064552 0.63315838809619 2.5894244816913 
1 0.005 2.9797132849874 2.9779717810219 -2.3449125474621 0.6330592335598 2.5758750675196 
2 0.01 2.9202867401379 2.9185799682266 -2.2857672361979 0.63281273202871 2.5344509559643 
3 0.015 2.818774486419 2.8171270437034 -2.184624338064 0.6325027056394 2.4635787627795 
4 0.02 2.6733342905499 2.671771850871 -2.0394612789229 0.63231057194816 2.3618456414459 
5 0.025 2.4850459619793 2.4835935680798 -1.8510782939931 0.63251527408674 2.2298686278229 
6 0.03 2.2619626708304 2.2606406587493 -1.62717065253 0.6334700062193 2.0731746369013 
7 0.035 2.0233101757991 2.0221276450125 -1.3868258651111 0.6353017799014 1.9053491465267 
8 0.04 1.800003117003 1.7989510988166 -1.1613906061857 0.63756049263091 1.7482960582238 
9 0.045 1.6271270718535 1.6261760916829 -0.98696045323563 0.63921563844729 1.6270107523148 
10 0.05 1.5297086753131 1.5288146316688 -0.88938374769981 0.63943088396902 1.559274780968 
11 0.055 1.5115221190606 1.5106387046134 -0.87236118120513 0.63827752340831 1.5477447113353 
12 0.06 1.5557469828529 1.5548377210278 -0.91832093575837 0.63651678526939 1.5804323688417 
13 0.065 1.6351252095553 1.6341695548448 -0.99929349046896 0.63487606437587 1.6378503310864 
14 0.07 1.7228473033072 1.7218403791089 -1.0881139457969 0.633726433312 1.7009016225294 
15 0.075 1.7989638146072 1.7979124038447 -1.164760712671 0.63315169117377 1.7553912218941 
16 0.08 1.8525228734244 1.8514401598806 -1.2183269416935 0.63311321818707 1.7935680735188 
17 0.085 1.881322170046 1.8802226246515 -1.2467211989905 0.63350142566097 1.813957608912 
18 0.09 1.8902225091086 1.8891177618794 -1.2549858610779 0.63413190080153 1.8200972306344 
19 0.095 1.8882211711169 1.8871175935768 -1.2523535843471 0.63476400922975 1.8184603869796 
20 0.1 1.8848141389522 1.8837125526641 -1.2485120585603 0.63520049410382 1.815860973377 
21 0.105 1.8869035601559 1.8858007526982 -1.2504428743358 0.63535787836241 1.8172380477296 
22 0.11 1.8973401553566 1.8962312481939 -1.2609665322624 0.63526471593154 1.8246345307816 
23 0.115 1.9151574966487 1.9140381760779 -1.2790198123458 0.63501836373207 1.8373281455339 
24 0.12 1.9369412160098 1.9358091638672 -1.3010715643959 0.63473759947125 1.8528835042772 
25 0.125 1.9585935807595 1.9574488738157 -1.3229376127596 0.63451126105606 1.8683599067224 
26 0.13 1.9767178844664 1.9755625847093 -1.3411839541564 0.6343786305529 1.881324178823 
27 0.135 1.9893389447678 1.9881762685874 -1.3538265257644 0.63434974282297 1.8903722689224 
28 0.14 1.9961134061337 1.9949467705953 -1.360532304853 0.63441446574236 1.8952499728333 
29 0.145 1.9981751006717 1.9970072601687 -1.3624610944379 0.63454616573079 1.8967741040306 
30 0.15 1.9976272215946 1.9964597013014 -1.3617790018814 0.63468069942 1.8964656683691 
31 0.155 1.9966137866616 1.9954468586741 -1.3606973344619 0.63474952421225 1.8958231819301 
32 0.16 1.9963876569429 1.9952208611177 -1.3604774438351 0.63474341728264 1.8957375088015 
33 0.165 1.9971231299286 1.9959559042536 -1.3612633432927 0.63469256096086 1.8963319976729 
34 0.17 1.9982515562147 1.997083671027 -1.3624689707187 0.63461470030823 1.8971833622334 
35 0.175 1.998893289866 1.9977250296148 -1.3631543845326 0.63457064508217 1.8976609942669 
36 0.18 1.9987314720218 1.9975633063456 -1.3629288725685 0.63463443377708 1.8975405167886 
37 0.185 1.9988407332012 1.9976725036669 -1.3629044742276 0.6347680294393 1.8976008744678 
38 0.19 2.0009947367908 1.9998252483415 -1.3650228358677 0.63480241247384 1.8991113734676 
39 0.195 2.00551080231 2.0043386744302 -1.3697046612343 0.63463401319591 1.902282080907 
40 0.2 2.0101020673603 2.0089272560994 -1.3745224910217 0.63440476507765 1.9055045729824 
41 0.205 2.011766799762 2.0105910155424 -1.3762349796513 0.63435603589102 1.9066251152786 
42 0.21 2.0097716269723 2.0085970088385 -1.3740954183676 0.63450159047093 1.9051404630413 
43 0.215 2.0058587555996 2.0046864243572 -1.3700732457687 0.63461317858851 1.9022726528904 
44 0.22 2.0016305774865 2.0004607174179 -1.3658699981844 0.63459071923349 1.8991802648109 
45 0.225 1.997234058164 1.9960667676566 -1.3615087820844 0.63455798557216 1.8959793553288 
46 0.23 1.9925824105926 1.9914178387571 -1.3568399965863 0.6345778421708 1.8925975239277 
47 0.235 1.9883399565085 1.9871778641903 -1.3525458434792 0.63463202071113 1.8895088457926 
48 0.24 1.9857920825555 1.9846314793512 -1.349925547923 0.63470593142828 1.8876128173192 
49 0.245 1.9865344742205 1.9853734371227 -1.3505807897894 0.63479264733335 1.8880616877428 
50 0.25 1.9920637598694 1.9908994911611 -1.3560739176722 0.63482557348892 1.8919197896413 
51 0.255 2.0028239594168 2.0016534018718 -1.3669012672039 0.63475213466796 1.8995031812705 
52 0.26 2.0176623046746 2.0164830748063 -1.3818428426436 0.63464023216268 1.9099832810657 
53 0.265 2.0345744186486 2.0333853044355 -1.3988464570566 0.63453884737892 1.9219312360146 
54 0.27 2.0514102759962 2.0502113220067 -1.4157950770376 0.63441624496914 1.9338224459229 
55 0.275 2.0657671577781 2.0645598128583 -1.4302907045318 0.63426910832658 1.9439233611391 
56 0.28 2.0751933234273 2.0739804693517 -1.4398033604921 0.63417710885956 1.9505028228845 
57 0.285 2.0782170456995 2.0770024243987 -1.4427986138443 0.63420381055435 1.9525090797563 
58 0.29 2.0751059379805 2.0738931349776 -1.4395881130208 0.63430502195676 1.9501294373725 
59 0.295 2.0674027409342 2.066194440092 -1.4318005511995 0.63439388889249 1.9444541677282 
60 0.3 2.0568193470764 2.0556172317362 -1.4211739310119 0.63444330072434 1.9367139447991 
61 0.305 2.0448344753675 2.043639364628 -1.4091261865483 0.63451317807971 1.9279565177113 
62 0.31 2.0333288745094 2.0321404882589 -1.3974824494084 0.63465803885053 1.9195297386238 
63 0.315 2.0251241654548 2.0239405744756 -1.3890986391551 0.63484193532046 1.9134499265836 
64 0.32 2.0233805714379 2.0221979995083 -1.3872361418429 0.63496185766542 1.9119899194158 
65 0.325 2.0298798544549 2.0286934839964 -1.3938429546308 0.63485052936559 1.9163984999104 
66 0.33 2.0428563249822 2.0416623703796 -1.4071716473538 0.63449072302578 1.9254308431496 
67 0.335 2.0574048659169 2.0562024083681 -1.4219585455569 0.63424386281123 1.9355970056123 
68 0.34 2.069589123228 2.068379544547 -1.4341539144844 0.63422563006261 1.9440855912653 
69 0.345 2.0783399381501 2.0771252450244 -1.442884820868 0.63424042415635 1.9501415209071 
70 0.35 2.0835744404009 2.0823566879518 -1.4481689288587 0.63418775909312 1.9537038826198 
71 0.355 2.0848620783645 2.0836435733508 -1.4494760191034 0.63416755424742 1.9544796319352 
72 0.36 2.0823146157578 2.0810975996177 -1.4468407824044 0.63425681721328 1.9525680021032 
73 0.365 2.0772997722501 2.076085687053 -1.441736959061 0.63434872799195 1.9489365031313 
74 0.37 2.0712619179723 2.0700513616205 -1.4356872292178 0.63436413240264 1.9445925215137 
75 0.375 2.0648422894405 2.0636354850633 -1.4292391811481 0.63439630391511 1.940013807684 
76 0.38 2.0588582852426 2.0576549782377 -1.4231342953961 0.63452068284168 1.9357748064332 
77 0.385 2.0549978084595 2.053796757724 -1.4191662257024 0.6346305320216 1.9330802474962 
78 0.39 2.0545602717361 2.0533594767205 -1.4187525860349 0.63460689068554 1.9328303442789 
79 0.395 2.0570426041903 2.0558403583667 -1.4213495642935 0.63449079407322 1.9346773000959 
80 0.4 2.0605224429086 2.059318163281 -1.4249483628364 0.63436980044452 1.9372273857083 
81 0.405 2.0629833240282 2.0617776061299 -1.4274540599993 0.63432354613064 1.939032879983 
82 0.41 2.0635230569972 2.0623170236501 -1.4279265143801 0.63439050926996 1.9394438210239 
83 0.415 2.0627287720042 2.0615232028797 -1.4270442116375 0.63447899124219 1.93888681053 
84 0.42 2.0614722448306 2.0602674100879 -1.4258106998271 0.63445671026075 1.9379537725515 
85 0.425 2.0593595144329 2.0581559144829 -1.4238202056476 0.63433570883535 1.9363925501253 
86 0.43 2.0548683823694 2.0536674072775 -1.4194240255387 0.63424338173873 1.9330826937763 
87 0.435 2.0470219301647 2.0458255409595 -1.4115320040613 0.63429353689815 1.9273535518522 
88 0.44 2.0369111976231 2.0357207176713 -1.4012325929457 0.63448812472559 1.919972543739 
89 0.445 2.0276066054579 2.0264215636079 -1.3917304397214 0.63469112388648 1.9131355846289 
90 0.45 2.0223685748264 2.0211865943619 -1.3863947198738 0.63479187448805 1.9091692265903 
91 0.455 2.0231533613436 2.0219709222078 -1.3871483418109 0.63482258039691 1.9094876927018 
92 0.46 2.0305620800894 2.0293753109017 -1.3945967946876 0.63477851621417 1.9145111108258 
93 0.465 2.0436108327142 2.0424164371369 -1.4078331206383 0.63458331649857 1.9235608027523 
94 0.47 2.0592120372432 2.0580085234868 -1.423679816552 0.63432870693481 1.9344162688474 
95 0.475 2.073361529833 2.0721497463556 -1.4379943055369 0.63415544081863 1.9442453591861 
96 0.48 2.0829064817527 2.0816891196944 -1.4476286695949 0.63406045009955 1.9507834098385 
97 0.485 2.0860797079781 2.0848604913165 -1.4507978907363 0.63406260058019 1.9527891744239 
98 0.49 2.0829566075046 2.0817392161501 -1.4475105744966 0.63422864165348 1.9503411952152 
99 0.495 2.0760946863644 2.074881305484 -1.4403705993583 0.63451070612569 1.9452527471614 
100 0.5 2.0695842071715 2.0683746313636 -1.4336777772778 0.63469685408581 1.9404677698233 
101 0.505 2.0662470710977 2.0650394456908 -1.4303752263405 0.63466421935033 1.9379846824078 
102 0.51 2.0661805364707 2.0649729499503 -1.4304012014557 0.63457174849453 1.9378747637352 
103 0.515 2.0685939322898 2.0673849352517 -1.4327780357523 0.63460689949933 1.9395691012183 
104 0.52 2.0739257623984 2.0727136491533 -1.4380490422563 0.63466460689698 1.9433716392406 
105 0.525 2.0821976159416 2.0809806681824 -1.4465551545252 0.63442551365721 1.9492796927577 
106 0.53 2.090069149732 2.0888476014271 -1.454719580285 0.63412802114212 1.9549062574807 
107 0.535 2.0931880560517 2.091964684891 -1.4579320388518 0.63403264603916 1.9571447425786 
108 0.54 2.0897116231313 2.0884902837841 -1.4543924637713 0.63409782001276 1.9546596248399 
109 0.545 2.0807615353897 2.0795454269529 -1.4452057868801 0.6343396400728 1.9482514765671 
110 0.55 2.0703700881674 2.0691600530487 -1.434417501446 0.63474255160268 1.9408190450388 
111 0.555 2.0644021645041 2.0631956173595 -1.4281791212915 0.63501649606797 1.9365612482554 
112 0.56 2.0665378161225 2.0653300207887 -1.4304510490206 0.63487897176809 1.9380854497391 
113 0.565 2.0749979688199 2.07378522892 -1.4392633776924 0.6345218512276 1.9441343125862 
114 0.57 2.0847478462213 2.083529407971 -1.4492403136053 0.63428909436572 1.9511343127658 
115 0.575 2.0919685547979 2.0907458963789 -1.4564900586037 0.63425583777524 1.9563320234662 
116 0.58 2.0955385807669 2.0943138358337 -1.4600180332103 0.63429580262337 1.9589244495643 
117 0.585 2.0956896549932 2.0944648217641 -1.4601517348825 0.63431308688155 1.9590794437445 
118 0.59 2.0927443271806 2.0915212153588 -1.4571872049585 0.63433401040029 1.9570590786392 
119 0.595 2.087118626412 2.0858988025509 -1.451544750642 0.63435405190885 1.9531492616226 
120 0.6 2.0791905168511 2.0779753266016 -1.4436740976588 0.63430122894277 1.9476169621481 
121 0.605 2.0685829297939 2.0673739391862 -1.433195944219 0.6341779949672 1.9401911365302 
122 0.61 2.0544022335176 2.0532015308679 -1.4190728151868 0.63412871568113 1.930223257159 
123 0.615 2.0370542766706 2.0358637130957 -1.4015707573164 0.63429295577931 1.9179922978079 
124 0.62 2.019637339774 2.0184569555895 -1.383893112754 0.63456384283544 1.9057172962136 
125 0.625 2.0064001284487 2.0052274807991 -1.3705299591558 0.63469752164333 1.8964150234908 
126 0.63 1.9997002328603 1.9985315009884 -1.3638785433992 0.63465295758917 1.8917593025537 
127 0.635 1.999261927461 1.9980934517582 -1.363541411299 0.63455204045919 1.8915504444436 
128 0.64 2.0034181068086 2.0022472020121 -1.3678369580736 0.63441024393852 1.8945882400139 
129 0.645 2.0097771773301 2.0086025559523 -1.374349691289 0.63425286466328 1.899164087572 
130 0.65 2.0159170458223 2.0147388359767 -1.3805507524306 0.6341880835461 1.9035277733898 
131 0.655 2.0206455686079 2.0194645951605 -1.3852405165602 0.63422407860027 1.9068466343404 
132 0.66 2.0242143759027 2.0230313166532 -1.3887357186647 0.63429559798849 1.9092914376417 
133 0.665 2.0277739408545 2.0265888012047 -1.3921530347228 0.63443576648186 1.9117043525064 
134 0.67 2.0333091950731 2.0321208203244 -1.397534640002 0.63458618032235 1.9155097342217 
135 0.675 2.0425199275217 2.0413261695278 -1.4067702874922 0.63455588203562 1.9219207344224 
136 0.68 2.0548108295331 2.0536098880781 -1.4192327641609 0.63437712391714 1.9305256122672 
137 0.685 2.0674965605436 2.0662882048682 -1.4320950464995 0.63419315836879 1.9394143727301 
138 0.69 2.0776234200987 2.0764091457444 -1.4423386728809 0.63407047286355 1.9464701147099 
139 0.695 2.0833518750459 2.0821342526759 -1.448039527426 0.6340947252499 1.9503822290446 
140 0.7 2.0851753718104 2.0839566836913 -1.4496483580235 0.63430832566778 1.9515336686426 
141 0.705 2.0860459489822 2.0848267520512 -1.450303903528 0.63452284852321 1.9520336844589 
142 0.71 2.0888730174919 2.0876521682707 -1.4531427168202 0.63450945145049 1.9539721769037 
143 0.715 2.0937059287798 2.0924822549465 -1.4581730266992 0.63430922824721 1.9573841072682 
144 0.72 2.0980238379015 2.096797640451 -1.4626942884878 0.63410335196317 1.9604499326633 
145 0.725 2.0989963389719 2.0977695731397 -1.463788236706 0.63398133643372 1.9611404109936 
146 0.73 2.0950705483854 2.0938460769954 -1.4598775878948 0.63396848910056 1.9583373886682 
147 0.735 2.0863884618492 2.0851690647354 -1.4511476451358 0.63402141959952 1.9521093867975 
148 0.74 2.0744971819004 2.0732847346872 -1.4391146158491 0.63417011883807 1.9435702911849 
149 0.745 2.0625322911976 2.061326836907 -1.4268896480595 0.63443718884748 1.9349556094467 
150 0.75 2.0548647421143 2.0536637691499 -1.4190137203849 0.634650048765 1.9293921449266 
151 0.755 2.0548099556466 2.0536090147023 -1.4189486963031 0.63466031839922 1.9292571570299 
152 0.76 2.0626536477831 2.0614481225652 -1.4269306001242 0.63451752244096 1.9347594393098 
153 0.765 2.0759928394941 2.0747795181384 -1.4404939343818 0.63428558375659 1.944218303176 
154 0.77 2.0905094563672 2.0892876507235 -1.4553646708701 0.63392297985332 1.9545324384943 
155 0.775 2.1004691083688 2.0992414817713 -1.4656122096064 0.63362927216494 1.9616140056135 
156 0.78 2.1015091428851 2.1002809084357 -1.4666399969197 0.63364091151597 1.9623519017814 
157 0.785 2.0936147967785 2.0923911762076 -1.4585020204865 0.63388915572109 1.9567569438742 
158 0.79 2.0803159428526 2.079100094844 -1.4450032709245 0.63409682391947 1.9473401333984 
159 0.795 2.0650424906075 2.063835569222 -1.4297163146509 0.63411925457111 1.9365343484333 
160 0.8 2.0491777217337 2.0479800725685 -1.4138636886743 0.63411638389421 1.9253268199329 
161 0.805 2.0334122976088 2.0322238626015 -1.3980528808163 0.63417098178519 1.9142022201829 
162 0.81 2.0189222656093 2.0177422993524 -1.383485561888 0.63425673746435 1.9039751673498 
163 0.815 2.0073243702906 2.0061511824646 -1.3717686593683 0.63438252309624 1.895786576226 
164 0.82 2.0006747622636 1.9995054608245 -1.3649527766922 0.63455268413229 1.8911088998902 
165 0.825 2.0011900542994 2.0000204516961 -1.3653621265585 0.63465832513757 1.8915092073955 
166 0.83 2.0098679721825 2.0086932977393 -1.3740793147906 0.63461398294877 1.8976967687271 
167 0.835 2.0254224680614 2.0242387027381 -1.3897878673217 0.63445083541643 1.9087647807051 
168 0.84 2.0446403845889 2.0434453872864 -1.4092138599731 0.63423152731323 1.9224311084017 
169 0.845 2.0635309338927 2.0623248959418 -1.4282715115322 0.63405338440961 1.9358314706782 
170 0.85 2.078877768431 2.0776627609685 -1.4436514126989 0.63401134826957 1.9466831722187 
171 0.855 2.089661910161 2.0884405998687 -1.4542995290799 0.6341410707888 1.9542750589103 
172 0.86 2.0974776269041 2.0962517486885 -1.4619034066522 0.63434834203636 1.9597561744938 
173 0.865 2.1048316498021 2.1036014735018 -1.4692320094274 0.63436946407437 1.9649280862052 
174 0.87 2.1119395526761 2.1107052221369 -1.4765394738175 0.63416574831934 1.9699509760063 
175 0.875 2.1163131873648 2.1150763006393 -1.4810661175214 0.6340101831179 1.9730530340805 
176 0.88 2.1160079520422 2.1147712437126 -1.4806969073382 0.63407433637434 1.9728543821139 
177 0.885 2.1120179398073 2.1107835634544 -1.4764936840247 0.6342898794297 1.9700712973684 
178 0.89 2.1074253464884 2.1061936542929 -1.471750024622 0.6344436296709 1.9668850945261 
179 0.895 2.1045754956904 2.1033454691003 -1.4689543228096 0.63439114629063 1.9649759033878 
180 0.9 2.1030960794611 2.101866917521 -1.4676890841356 0.63417783338542 1.9640737349505 
181 0.905 2.100362977987 2.0991354134178 -1.465165882262 0.63396953115582 1.9622825263153 
182 0.91 2.0938602558358 2.0926364918055 -1.4586730033977 0.63396348840786 1.9578006587918 
183 0.915 2.0839528478643 2.0827348742537 -1.448484396836 0.63425047741768 1.9508920946371 
184 0.92 2.0747732368136 2.0735606282591 -1.4389498983114 0.63461072994774 1.944499770901 
185 0.925 2.0709395424839 2.0697291745456 -1.4350753609015 0.6346538136441 1.9419297045778 
186 0.93 2.0729818492316 2.0717702876598 -1.4373372125712 0.63443307508862 1.9435613419733 
187 0.935 2.0774181637278 2.0762040093363 -1.4420583576235 0.63414565171285 1.9469031098411 
188 0.94 2.0794600780131 2.0782447302176 -1.4443600395766 0.63388469064099 1.9485250680336 
189 0.945 2.0751265315151 2.0739137164762 -1.4401239673859 0.63378974909024 1.9455649039163 
190 0.95 2.0632509102292 2.0620450359392 -1.4281053630614 0.6339396728778 1.9371910888234 
191 0.955 2.0465058852616 2.0453097976606 -1.4110465652865 0.63426323237409 1.9253108500147 
192 0.96 2.030129646798 2.0289431303475 -1.3944114821156 0.63453164823188 1.9136565578022 
193 0.965 2.0186907311853 2.0175109002495 -1.3829350599187 0.63457584033074 1.9054693728307 
194 0.97 2.0137377934578 2.012560857284 -1.3780801411677 0.63448071611627 1.9018556062705 
195 0.975 2.0146197834556 2.0134423317996 -1.3790039510442 0.63443838075544 1.902359091589 
196 0.98 2.0207649161338 2.0195838729333 -1.3851126130866 0.63447125984668 1.9065643756377 
197 0.985 2.032197816816 2.0310100916163 -1.3965426756969 0.63446741591934 1.9144944324991 
198 0.99 2.0483742984081 2.0471771188065 -1.4127893762227 0.63438774258382 1.9257697557543 
199 0.995 2.0675905564883 2.0663821458767 -1.4321141589228 0.63426798695393 1.9391986765118 
200 1 2.0873129591172 2.0860930216776 -1.4519733425255 0.63411967915208 1.952996906793 
201 1.005 2.1045785100271 2.1033484816753 -1.4693743961772 0.63397408549801 1.9650554244785 
202 1.01 2.1165882850193 2.1153512375119 -1.4814760742708 0.63387516324116 1.9733763967298 
203 1.015 2.1215511542005 2.1203112061267 -1.4864207498605 0.63389045626624 1.9767019542657 
204 1.02 2.1196861783696 2.1184473202876 -1.4843804965498 0.63406682373779 1.975175264418 
205 1.025 2.1136373788271 2.1124020559873 -1.478084422084 0.63431763390336 1.9707073638555 
206 1.03 2.1071549051588 2.1059233710237 -1.471449960306 0.63447341071769 1.965951881379 
207 1.035 2.1028043561845 2.1015753647432 -1.4671246708737 0.63445069386947 1.9627290707805 
208 1.04 2.1007411242725 2.0995133386943 -1.4651943030312 0.63431903566308 1.9611690947065 
209 1.045 2.0995512040527 2.0983241139276 -1.4640902217962 0.63423389213145 1.9602485783969 
210 1.05 2.098222365984 2.096996052503 -1.4627377936611 0.63425825884189 1.9592510292144 
211 1.055 2.0968025082936 2.0955770246535 -1.4613342295766 0.63424279507686 1.958199157228 
212 1.06 2.0949399210798 2.0937155260354 -1.4595843495995 0.63413117643592 1.9568484410581 
213 1.065 2.0913105318417 2.0900882580066 -1.4560335205039 0.63405473750275 1.954249994772 
214 1.07 2.0851515606395 2.0839328864369 -1.4498262678683 0.63410661856863 1.9498580525873 
215 1.075 2.077460226174 2.076246047199 -1.4420217656357 0.6342242815633 1.9443800818349 
216 1.08 2.0701007326124 2.0688908549195 -1.4346177485475 0.63427310637196 1.9391525797611 
217 1.085 2.064324502715 2.06311800096 -1.428812297953 0.63430570300702 1.935043081909 
218 1.09 2.060842241966 2.0596377754306 -1.4253372610063 0.63430051442434 1.9325772925623 
219 1.095 2.0599622449904 2.0587582927724 -1.4244508749977 0.63430741777471 1.9319723905007 
220 1.1 2.0624809592184 2.061275534929 -1.4268304132661 0.63444512166286 1.9338220455122 
221 1.105 2.0694320699631 2.0682225830724 -1.4339569933286 0.63426558974381 1.9388518431004 
222 1.11 2.0780040807195 2.0767895838868 -1.4428723948654 0.63391718902147 1.9450462755361 
223 1.115 2.0829750139772 2.081757611865 -1.4479677833887 0.63378982847627 1.9486945464275 
224 1.12 2.0816400974048 2.0804234754893 -1.4465657292478 0.63385774624151 1.9478512127986 
225 1.125 2.0747650532091 2.0735524494375 -1.4394570750225 0.63409537441494 1.9430399337344 
226 1.13 2.0660426328754 2.0648351269532 -1.4303871373979 0.63444798955528 1.9369228101645 
227 1.135 2.060429124728 2.0592248996405 -1.4246090543796 0.63461584526095 1.9330441802635 
228 1.14 2.0600564986543 2.0588524913494 -1.4244309927278 0.63442149862168 1.9328950442042 
229 1.145 2.0624350658037 2.0612296683369 -1.427018444758 0.63421122357886 1.9347259269577 
230 1.15 2.0640295639816 2.0628232346047 -1.4286988825599 0.63412435204471 1.9359921652687 
231 1.155 2.0626688993844 2.0614633652527 -1.427412730947 0.63405063430576 1.9351312648993 
232 1.16 2.0569432266242 2.0557410388822 -1.421755808862 0.63398523002021 1.9311341996132 
233 1.165 2.0461985413965 2.0450026334238 -1.4109761413526 0.6340264920712 1.9235512387266 
234 1.17 2.0318117815276 2.0306242819475 -1.3963618003293 0.6342624816182 1.9133641137996 
235 1.175 2.0176319361485 2.0164527240292 -1.3819798486061 0.63447287542316 1.9033304305907 
236 1.18 2.0066784964404 2.0055056860977 -1.3711972498919 0.63430843620575 1.8955808235437 
237 1.185 1.9976217393757 1.9964542222867 -1.3623975983239 0.63405662396281 1.8891633565164 
238 1.19 1.9878574702605 1.986695659933 -1.3525826498354 0.63411301009758 1.8822236285727 
239 1.195 1.9782923536595 1.9771361336983 -1.342742762937 0.6343933707613 1.8753918413123 
240 1.2 1.9727564543797 1.9716034698944 -1.336999606228 0.63460386366636 1.8713880275692 
241 1.205 1.9743317844187 1.9731778792262 -1.3385416483904 0.63463623083579 1.872431576131 
242 1.21 1.9835064200013 1.9823471526606 -1.3478020583577 0.63454509430286 1.8788885461268 
243 1.215 1.9985648433283 1.9973967750388 -1.3630306076796 0.6343661673592 1.8895253918243 
244 1.22 2.0163156419681 2.0151371991616 -1.3810070100444 0.63413018911721 1.902072248444 
245 1.225 2.0327496005388 2.031561552847 -1.3976683088827 0.63389324396436 1.9136746789442 
246 1.23 2.0440869854224 2.042892311556 -1.4091225907969 0.63376972075918 1.9216334420502 
247 1.235 2.0483781463089 2.0471809644584 -1.4133345209704 0.63384644348795 1.9245729528338 
248 1.24 2.0466195496973 2.0454233956648 -1.4113595184615 0.63406387720327 1.9231976005947 
249 1.245 2.0419464037637 2.0407529809678 -1.4064887313009 0.63426424966698 1.9197469280081 
250 1.25 2.0374511042423 2.0362603087401 -1.4019439356416 0.63431637309844 1.9164390542947 
251 1.255 2.0343218110164 2.0331328444407 -1.3989190170091 0.6342138274316 1.9140952707585 
252 1.26 2.031759268446 2.0305717995574 -1.3964691491782 0.63410265037923 1.9121512576716 
253 1.265 2.0289195410902 2.0277337318903 -1.3935935611094 0.63414017078085 1.9099914286661 
254 1.27 2.027144029952 2.0259592584558 -1.3915711836026 0.63438807485323 1.9085814520833 
255 1.275 2.0304867484136 2.0293000232538 -1.3946262579543 0.63467376529952 1.9108238987048 
256 1.28 2.042489350399 2.041295610276 -1.4067620948471 0.6345335154289 1.9192269487486 
257 1.285 2.061044918941 2.0598403339504 -1.42576322504 0.63407710891042 1.9322947728223 
258 1.29 2.0796695415602 2.078454071343 -1.444647525477 0.63380654586598 1.9454347600009 
259 1.295 2.0934668282945 2.0922432942043 -1.4584458885881 0.63379740561621 1.95513886973 
260 1.3 2.1011418854614 2.0999138656569 -1.4660269719264 0.63388689373044 1.9604810776669 
261 1.305 2.1034697741112 2.1022403937639 -1.4682421437492 0.63399825001473 1.9620143106586 
262 1.31 2.1020322316413 2.1008036914708 -1.466692360632 0.63411133083887 1.9608844038576 
263 1.315 2.0985435662158 2.0973170650082 -1.4631347719671 0.63418229304112 1.9583002707428 
264 1.32 2.0945227664581 2.0932986152211 -1.4589684701245 0.63433014509662 1.9553533923296 
265 1.325 2.0922654180508 2.0910425861291 -1.4564974886889 0.63454509744016 1.9536892692251 
266 1.33 2.0942609958109 2.0930369975668 -1.4584708358801 0.63456616168667 1.9550646161109 
267 1.335 2.1004981473704 2.099270503801 -1.4648647375341 0.63440576626684 1.9594952649714 
268 1.34 2.1083150467657 2.1070828345818 -1.472856643405 0.63422619117677 1.9650789821287 
269 1.345 2.1143899234494 2.1131541607823 -1.4790619832442 0.63409217753812 1.9694315073414 
270 1.35 2.11609581332 2.1148590536395 -1.4808235593572 0.63403549428233 1.9706539785187 
271 1.355 2.1122840335394 2.1110495016671 -1.4769489903702 0.63410051129687 1.9679419545712 
272 1.36 2.1037477010994 2.1025181583168 -1.4683013512156 0.63421680710115 1.9618582999599 
273 1.365 2.0921750920052 2.0909523128748 -1.4567176925698 0.63423462030507 1.9535846146288 
274 1.37 2.0786819074817 2.0774670144907 -1.4431828505636 0.63428416392712 1.9439483605762 
275 1.375 2.0650327929754 2.0638258772577 -1.4293244124037 0.634501464854 1.9342059495388 
276 1.38 2.0546858280224 2.0534849596249 -1.4188509078128 0.63463405181214 1.9268150428557 
277 1.385 2.0497969366034 2.0485989255359 -1.4141688729901 0.63443005254573 1.9232961591579 
278 1.39 2.0487595300314 2.0475621252798 -1.4133601496745 0.63420197560531 1.9225265411176 
279 1.395 2.0497053736324 2.0485074160791 -1.4142094211745 0.63429799490469 1.9231919843052 
280 1.4 2.0531746722188 2.0519746870218 -1.4177557711406 0.63421891588115 1.9256290629822 
281 1.405 2.0581928198812 2.05698990181 -1.4228997166399 0.63409018517007 1.9291599554499 
282 1.41 2.0627740687293 2.061568473131 -1.4274208691201 0.63414760401087 1.9323884581261 
283 1.415 2.0668558663146 2.0656478850953 -1.43138120639 0.63426667870528 1.9352483518383 
284 1.42 2.0717145681235 2.0705037472187 -1.4360759726489 0.63442777456981 1.9386810292437 
285 1.425 2.0791544566106 2.0779392874366 -1.4433904004303 0.6345488870063 1.9439868192244 
286 1.43 2.0901343831487 2.0889127967178 -1.4544430752348 0.63446972148305 1.9518438666637 
287 1.435 2.1028167734316 2.1015877747329 -1.4674329904153 0.6341547843176 1.9609365793779 
288 1.44 2.1123841549009 2.1111495645123 -1.4773644596725 0.63378510483983 1.9678161344896 
289 1.445 2.113657951174 2.1124226163107 -1.4787958183172 0.63362679799352 1.9687785146214 
290 1.45 2.1048419880565 2.103611805714 -1.4697597206056 0.63385208510833 1.9625436378818 
291 1.455 2.0897569926628 2.0885356267991 -1.4541490821482 0.63438654465096 1.9518468326813 
292 1.46 2.0762303763954 2.0750169162104 -1.4401977697246 0.63481914648583 1.9422791906454 
293 1.465 2.0703808722907 2.0691708308691 -1.4344094715528 0.63476135931629 1.9381880103135 
294 1.47 2.0717194577669 2.0705086340044 -1.436171819033 0.63433681497134 1.939251655955 
295 1.475 2.0745269270947 2.0733144624968 -1.4393509151357 0.63396354736105 1.9413832060645 
296 1.48 2.0732286313675 2.072016925563 -1.4381701280267 0.63384679753633 1.940581234669 
297 1.485 2.0656297258504 2.0644224612532 -1.4304966163871 0.63392584486611 1.9352614358055 
298 1.49 2.0529497718208 2.0517499180675 -1.4175614198363 0.63418849823123 1.9263170933907 
299 1.495 2.0394261217897 2.0382341719815 -1.4036451204347 0.63458905154679 1.9167722414149 
300 1.5 2.0307832633731 2.0295963649141 -1.3947919853113 0.63480437960287 1.9107155101514 
301 1.505 2.0300927942952 2.0289062993833 -1.3942489698712 0.63465732951204 1.910321245076 
302 1.51 2.0357323167831 2.0345425258323 -1.4001210394889 0.63442148634349 1.9144398218328 
303 1.515 2.0443012207795 2.0431064217024 -1.4088080764181 0.63429834528433 1.9206317047285 
304 1.52 2.0533208408761 2.0521207702502 -1.4179198782608 0.6342008919894 1.9271227354597 
305 1.525 2.0608720412646 2.059667557313 -1.4255771213974 0.63409043591556 1.9325193808999 
306 1.53 2.0652493338606 2.0640422915849 -1.4299786399244 0.63406365166047 1.9356179663743 
307 1.535 2.0659454303094 2.0647379811976 -1.4306088411326 0.63412914006495 1.9360685478877 
308 1.54 2.0637823526904 2.0625761677969 -1.4283907707627 0.63418539703416 1.9344633151895 
309 1.545 2.059782160537 2.05857831357 -1.4243901941661 0.63418811940381 1.9315396248764 
310 1.55 2.0545787604506 2.0533779546292 -1.4191804496114 0.63419750501777 1.9277589334545 
311 1.555 2.049055165808 2.047857588271 -1.4135708675008 0.63428672077011 1.923765106041 
312 1.56 2.0449953017908 2.0438000970557 -1.4093993301823 0.63440076687339 1.9208439486107 
313 1.565 2.0442715004076 2.0430767187008 -1.4086578208771 0.63441889782362 1.9203286506414 
314 1.57 2.0472514554124 2.0460549320603 -1.41174228192 0.6343126501403 1.9224919295731 
315 1.575 2.0523955505117 2.051196020675 -1.4170184585087 0.6341775621663 1.9262257384976 
316 1.58 2.0573984106208 2.0561959568448 -1.4221249461973 0.63407101064756 1.9298878810094 
317 1.585 2.0602268075601 2.0590227007176 -1.4250065016645 0.63401619905304 1.9320095101092 
318 1.59 2.0598595519852 2.0586556597865 -1.424578043921 0.63407761586545 1.9318279884848 
319 1.595 2.0570525439885 2.0558502923555 -1.4216311129882 0.63421917936738 1.9298873653268 
320 1.6 2.053960082627 2.052759638394 -1.418404788765 0.634354849629 1.9277298142381 
321 1.605 2.0526408570142 2.0514411838073 -1.4170683427005 0.63437284110681 1.9268303991207 
322 1.61 2.053767117204 2.0525667857503 -1.4181890724357 0.63437771331463 1.9276711129949 
323 1.615 2.0575979145688 2.056395344192 -1.4219275142652 0.63446782992685 1.9304441040432 
324 1.62 2.0646678918062 2.0634611893563 -1.4290524871484 0.63440870220792 1.9355357308537 
325 1.625 2.0735760254274 2.0723641165873 -1.4382124551753 0.63415166141204 1.9419499907091 
326 1.63 2.0806087081335 2.0793926890171 -1.4454155915763 0.63397709744079 1.9470495733224 
327 1.635 2.0828542139623 2.0816368824521 -1.4476444150767 0.63399246737539 1.9487667271869 
328 1.64 2.0798013421497 2.0785857949012 -1.444544922237 0.63404087266424 1.9467356907656 
329 1.645 2.0719125141208 2.0707015775257 -1.4366493660249 0.63405221150081 1.9412779429705 
330 1.65 2.0597454918468 2.058541666311 -1.4244227041903 0.63411896212071 1.9327903136971 
331 1.655 2.0447568645114 2.0435617991318 -1.4093023563879 0.63425944274394 1.9222920792165 
332 1.66 2.0293721118752 2.0281860381687 -1.3938136967741 0.63437234139453 1.9115025785549 
333 1.665 2.0159935304769 2.0148152759296 -1.3803355279259 0.63447974800365 1.9021135991809 
334 1.67 2.007043636517 2.0058706127668 -1.3712026261456 0.6346679866212 1.8958767686593 
335 1.675 2.0055785566707 2.0044063891916 -1.3695481065517 0.63485828263996 1.8949689589999 
336 1.68 2.0138547645362 2.0126777599982 -1.3778860343819 0.63479172561627 1.9009834450741 
337 1.685 2.0303524932445 2.0291658465506 -1.3947045884907 0.63446125805989 1.912847023341 
338 1.69 2.0498548441136 2.0486567992018 -1.4145217030027 0.63413509619905 1.9268543981392 
339 1.695 2.0667617081486 2.0655537819604 -1.431610923759 0.63394285820132 1.9390087477199 
340 1.7 2.0774836818822 2.0762694891985 -1.4423654271802 0.63390406201824 1.9467337228727 
341 1.705 2.0808635276958 2.0796473596492 -1.4457056922874 0.63394166736181 1.9492054545563 
342 1.71 2.0771790366971 2.0759650220643 -1.4419819627479 0.63398305931644 1.9466053536319 
343 1.715 2.0674057829738 2.0661974803537 -1.4320872613065 0.63411021904717 1.9396282124988 
344 1.72 2.0538968514699 2.0526964441926 -1.4183572427032 0.63433920148938 1.9299593382419 
345 1.725 2.0405033460988 2.0393107667031 -1.4047263414242 0.63458442527886 1.9203380070552 
346 1.73 2.0313805410391 2.030193293499 -1.3954362167258 0.63475707677328 1.9137268035215 
347 1.735 2.0294604495093 2.0282743241735 -1.3934894421229 0.63478488205061 1.9122323169668 
348 1.74 2.035385973929 2.0341963853996 -1.3995244260089 0.63467195939063 1.9163168312679 
349 1.745 2.0476194289551 2.0464226905396 -1.4119150649672 0.63450762557239 1.9248864034257 
350 1.75 2.0635529433739 2.0623468925595 -1.4280088500107 0.63433804254885 1.9361047102549 
351 1.755 2.0801105148483 2.0788947869027 -1.4447849105801 0.63410987632264 1.9477854712544 
352 1.76 2.0935252401967 2.0923016719675 -1.4584258752508 0.63387579671667 1.9572521146023 
353 1.765 2.1002346972357 2.0990072076406 -1.4652171248428 0.63379008279783 1.9619743344161 
354 1.77 2.0987386415313 2.0975120263112 -1.4636446927654 0.63386733354584 1.9609099439745 
355 1.775 2.0898858076963 2.0886643665463 -1.454682620976 0.63398174557029 1.9546519560464 
356 1.78 2.0753282667914 2.0741153338476 -1.4400980846873 0.6340172491603 1.9443739418433 
357 1.785 2.0560773407806 2.0548756591086 -1.4208698765275 0.63400578258109 1.9307867659869 
358 1.79 2.0328253860473 2.0316372940625 -1.3975723943308 0.63406489973165 1.9143645456955 
359 1.795 2.007403894659 2.0062306603547 -1.3719807619018 0.63424989845292 1.896388779325 
360 1.8 1.9834439595981 1.9822847287625 -1.3477724903633 0.63451223839925 1.8794571955131 
361 1.805 1.9655990666033 1.9644502652786 -1.3296964722303 0.6347537930483 1.8668622015106 
362 1.81 1.9579946186534 1.9568502617752 -1.3219820525377 0.63486820923749 1.8615558468505 
363 1.815 1.9621735348155 1.961026735555 -1.3263669869546 0.63465974860035 1.8646320701766 
364 1.82 1.9748619129929 1.9737076979649 -1.3395337677478 0.63417393021705 1.873748967601 
365 1.825 1.989037860555 1.9878753603443 -1.354101681202 0.63377367914233 1.8838848026532 
366 1.83 1.9984611325083 1.9972931248329 -1.3636683928254 0.63362473200753 1.8905641451589 
367 1.835 2.0007103895573 1.9995410672957 -1.3657863123829 0.63375475491283 1.8920701254189 
368 1.84 1.9978074294692 1.9966398038529 -1.3625257888603 0.63411401499257 1.8898697015466 
369 1.845 1.9949746678852 1.9938086978864 -1.3593606531477 0.63444804473875 1.8877127978974 
370 1.85 1.9967451180249 1.9955781132802 -1.3611430905734 0.63443502270683 1.8888293108243 
371 1.855 2.0030238958138 2.0018532214153 -1.3676909111095 0.63416231030579 1.8931745855829 
372 1.86 2.0099625216374 2.0087877919345 -1.3748632031321 0.63392458880241 1.8980059948744 
373 1.865 2.0138490667642 2.0126720655562 -1.3788047585609 0.63386730699536 1.9006451279209 
374 1.87 2.0134650269882 2.0122882502337 -1.3783083579706 0.63397989226307 1.9002390711238 
375 1.875 2.0101958174878 2.0090209514343 -1.3748274006416 0.63419355079274 1.8977558222814 
376 1.88 2.0069162990234 2.0057433496961 -1.3713509243448 0.63439242535124 1.8952639029695 
377 1.885 2.0062592680861 2.0050867027628 -1.3706241265927 0.63446257617013 1.8946348957748 
378 1.89 2.0092082031197 2.008033914281 -1.3735956386707 0.63443827561028 1.8965824151196 
379 1.895 2.0154799440585 2.0143019896786 -1.3798514987206 0.63445049095803 1.9009074922161 
380 1.9 2.0249856539847 2.0238021439589 -1.389286476722 0.63451566723692 1.9075494188078 
381 1.905 2.0380207818152 2.036829653363 -1.4023143735649 0.63451527979809 1.9167340367388 
382 1.91 2.0538245925614 2.0526242275161 -1.4182636697001 0.63436055781606 1.9278914030149 
383 1.915 2.0698118340878 2.0686021252426 -1.4344098866177 0.63419223862497 1.9391961343504 
384 1.92 2.0832874636666 2.082069878942 -1.4478974305142 0.63417244842783 1.9487148577953 
385 1.925 2.0934838767194 2.0922603326652 -1.4579946462464 0.63426568641878 1.9559045247221 
386 1.93 2.1012274790118 2.0999994091818 -1.4656883922144 0.63431101696739 1.9613562098009 
387 1.935 2.10689078929 2.1056594095184 -1.4714472525384 0.63421215697999 1.9653392383782 
388 1.94 2.1091269332933 2.1078942465994 -1.4738580036444 0.63403624295501 1.9668970939167 
389 1.945 2.1057262799302 2.1044955807601 -1.470565914275 0.63392966648512 1.964436206552 
390 1.95 2.09561080559 2.0943860184447 -1.4603885048743 0.63399751357045 1.9571829492844 
391 1.955 2.0804689537402 2.0792530163038 -1.4449559603503 0.63429705595342 1.9463389083329 
392 1.96 2.0653758141539 2.0641686979563 -1.4294059315102 0.63476276644603 1.9355352623105 
393 1.965 2.0572741380583 2.0560717569139 -1.4209839035039 0.63508785340999 1.929722817916 
394 1.97 2.0605994461639 2.0593951215315 -1.4244404297007 0.63495469183072 1.9320851784724 
395 1.975 2.0732775660471 2.0720658316427 -1.4376114646256 0.6344543670171 1.941126885865 
396 1.98 2.0879621874555 2.0867418705721 -1.4527584017847 0.63398346878742 1.9516182855494 
397 1.985 2.0971965643411 2.0959708503935 -1.4621897994409 0.63378105095256 1.9582260475052 
398 1.99 2.09723511583 2.0960093793508 -1.4621355049607 0.6338738743901 1.9582634688011 
399 1.995 2.0888875094015 2.0876666517104 -1.4534930415257 0.63417361018477 1.9523207732682 
400 2 2.0762343973752 2.0750209348402 -1.4405226082294 0.63449832661081 1.9433139327691 
401 2.005 2.064004732495 2.0627984176309 -1.4281236755222 0.63467474210871 1.9346189423558 
402 2.01 2.0550825861508 2.0538814858667 -1.4192253234672 0.63465616239956 1.9283161406478 
403 2.015 2.0497135317302 2.0485155694089 -1.4139852048138 0.63453036459516 1.9245575754437 
404 2.02 2.0466245602014 2.0454284032405 -1.4109769945903 0.63445140865019 1.9224270033906 
405 2.025 2.0450296116227 2.0438343868351 -1.409332662455 0.6345017243801 1.9213725866208 
406 2.03 2.0455556882483 2.0443601559933 -1.4098011666557 0.63455898933762 1.9218238967235 
407 2.035 2.0488213087414 2.047623867883 -1.4131475489394 0.63447631894365 1.9242201170581 
408 2.04 2.0538187885511 2.052618426898 -1.4182874688274 0.63433095807055 1.9278473325421 
409 2.045 2.0586316596927 2.05742848514 -1.4231931596462 0.63423532549387 1.9313532120194 
410 2.05 2.0618129514376 2.0606079175676 -1.4264224582747 0.6341854592929 1.9337099659592 
411 2.055 2.0626630228626 2.0614574921654 -1.4272763268706 0.6341811652948 1.9344074287197 
412 2.06 2.0611594994972 2.0599548475395 -1.4257608180491 0.63419402949044 1.933442602048 
413 2.065 2.0574593742686 2.0562568848622 -1.4221076246975 0.63414926016471 1.9309133450467 
414 2.07 2.0511040766418 2.0499053016116 -1.4158514857317 0.63405381587989 1.9264766314951 
415 2.075 2.0412333211059 2.0400403150737 -1.4060245918162 0.63401572325752 1.9195308555731 
416 2.08 2.0280300315632 2.0268447422403 -1.3927040241194 0.63414071812091 1.9101897737564 
417 2.085 2.0137269010572 2.0125499712495 -1.3782402620892 0.63430970916023 1.9000504565584 
418 2.09 2.0008713665963 1.9997019502512 -1.3654061892285 0.63429576102266 1.890904894631 
419 2.095 1.9899697692571 1.9888067243891 -1.3545901042641 0.63421662012497 1.8831240546917 
420 2.1 1.9805652728496 1.9794077244728 -1.3451573203387 0.63425040413408 1.8763763948073 
421 2.105 1.9736309627736 1.9724774671788 -1.3380259783556 0.63445148882324 1.8713499455067 
422 2.11 1.9720117984222 1.9708592491537 -1.3362449670954 0.63461428205828 1.8700845628691 
423 2.115 1.977576862641 1.976421060851 -1.3419233396574 0.63449772119365 1.8738995422835 
424 2.12 1.9887771904943 1.9876148426331 -1.3532805903351 0.63433425229795 1.8817252311004 
425 2.125 2.0027541596637 2.0015836429135 -1.3673488133094 0.63423482960404 1.8915288684981 
426 2.13 2.0172639541938 2.0160849571428 -1.3819383760545 0.63414658108837 1.9017035353363 
427 2.135 2.0307991035305 2.0296121958137 -1.3954677854715 0.6341444103422 1.9111927777326 
428 2.14 2.0433620990504 2.0421678488464 -1.4078992202801 0.63426862856626 1.9200150601302 
429 2.145 2.0563176734568 2.0551158513216 -1.4208255345585 0.63429031676309 1.9291575673742 
430 2.15 2.0695094510568 2.0682999189405 -1.434234573529 0.63406534541146 1.9384905187631 
431 2.155 2.0797034182319 2.0784879282154 -1.4446278784089 0.63386004980643 1.9457084375681 
432 2.16 2.083620363735 2.0824025844458 -1.4485210343634 0.63388155008248 1.9484848597739 
433 2.165 2.0806838722786 2.0794678092323 -1.4454690826763 0.63399872655595 1.9463816079381 
434 2.17 2.0721937547651 2.070982653798 -1.436863646277 0.63411900752105 1.9402998443337 
435 2.175 2.0601724331686 2.0589683581053 -1.4246860024484 0.63428235565696 1.9316933426552 
436 2.18 2.0474729736775 2.0462763208583 -1.4117730789517 0.63450324190658 1.9226087168316 
437 2.185 2.0376623768645 2.0364714578833 -1.4017752841466 0.63469617373668 1.9155793593637 
438 2.19 2.0337577335432 2.0325690966445 -1.3978256554389 0.63474344120561 1.9127683918304 
439 2.195 2.0365349446865 2.035344684637 -1.4007544163875 0.63459026824945 1.9147229390964 
440 2.2 2.0438731952484 2.0426786463324 -1.4083393801801 0.6343392661523 1.9199349695164 
441 2.205 2.052223866492 2.0510244369967 -1.4168575854449 0.63416685155176 1.9258709525087 
442 2.21 2.058883883307 2.0576805613413 -1.4235809848818 0.63409957645946 1.9306157076183 
443 2.215 2.0626601748844 2.0614546458517 -1.427371289208 0.63408335664375 1.9333004263849 
444 2.22 2.0633821689169 2.0621762179123 -1.4280616355561 0.63411458235618 1.9338142883301 
445 2.225 2.0615347110191 2.0603298397677 -1.4261982035438 0.63413163622397 1.9324997201459 
446 2.23 2.0574720690979 2.056269572272 -1.4221694239664 0.63410014830561 1.9296010071181 
447 2.235 2.0512498278421 2.0500509676271 -1.4158950888226 0.63415587880451 1.9251610805914 
448 2.24 2.0439794261679 2.0427848151648 -1.4084769644849 0.63430785067993 1.919978287134 
449 2.245 2.0378478493071 2.0366568219259 -1.4022751316464 0.63438169027945 1.9156005462459 
450 2.25 2.0341316656654 2.0329428102208 -1.3986360599549 0.63430675026592 1.9129284937845 
451 2.255 2.0322464102563 2.0310586566559 -1.3968710369829 0.63418761967308 1.911564364108 
452 2.26 2.0309052848469 2.029718315072 -1.3955906476273 0.63412766744471 1.9105725274922 
453 2.265 2.0294247462407 2.0282386417718 -1.3941325046477 0.63410613712407 1.9094694882043 
454 2.27 2.0277638653282 2.026578731567 -1.3924830148504 0.63409571671666 1.9082134103439 
455 2.275 2.0264354772655 2.0252511198854 -1.3910705777001 0.63418054218539 1.9071870630191 
456 2.28 2.0270352512028 2.0258505432827 -1.391564976068 0.63428556721471 1.9075522933821 
457 2.285 2.0308925658212 2.02970560348 -1.3955414290791 0.63416417440089 1.9102274909205 
458 2.29 2.0366238896125 2.0354335775788 -1.4014530891832 0.63398048839558 1.9142365406705 
459 2.295 2.0418838131558 2.0406904269413 -1.4066613658408 0.63402906110042 1.9179402045991 
460 2.3 2.0464632204804 2.045267157815 -1.4111266493982 0.6341405084168 1.9211589618872 
461 2.305 2.0511051335316 2.0499063578837 -1.4157508635815 0.63415549430213 1.9244203463625 
462 2.31 2.0556262388551 2.0544248208312 -1.4203009161066 0.63412390472457 1.9276124555386 
463 2.315 2.0593303871147 2.0581268041882 -1.4239956180072 0.63413118618107 1.9302199137396 
464 2.32 2.0621870227174 2.0609817702202 -1.4267683438912 0.63421342632893 1.9322497414324 
465 2.325 2.0648907234025 2.0636838907179 -1.4294782350892 0.6342056556287 1.9341738920649 
466 2.33 2.0670197876543 2.0658117106305 -1.4317433129186 0.6340683977119 1.9356890143615 
467 2.335 2.0668194654295 2.0656115054848 -1.4315670981281 0.63404440735662 1.9355507160393 
468 2.34 2.063836786838 2.0626305701303 -1.428432980326 0.6341975898043 1.9334340867523 
469 2.345 2.0600299867974 2.0588259949874 -1.4244220961402 0.63440389884726 1.930721881927 
470 2.35 2.0582643294292 2.0570613695639 -1.4225212999468 0.63454006961719 1.9294732376196 
471 2.355 2.0606241908808 2.0594198517862 -1.4248194994695 0.63460035231667 1.9311737971355 
472 2.36 2.0679705063122 2.0667618736376 -1.4321736383376 0.63458823530003 1.936456174623 
473 2.365 2.0798458527689 2.078630279506 -1.4441516108615 0.63447866864455 1.9449874921953 
474 2.37 2.0942776240027 2.0930536160401 -1.4587620781867 0.63429153785336 1.9553745097087 
475 2.375 2.1081791850779 2.1069470522988 -1.4728469923903 0.6341000599084 1.9654188948331 
476 2.38 2.118368112601 2.1171300248672 -1.4831746641856 0.63395536068153 1.9728476022137 
477 2.385 2.1224579323074 2.121217454264 -1.4873230439391 0.63389441032496 1.9759659084684 
478 2.39 2.1196145342129 2.1183757180036 -1.4843947469414 0.63398097106218 1.9741756904442 
479 2.395 2.1111167187796 2.1098828691485 -1.4757467614815 0.63413610766701 1.9684013020997 
480 2.4 2.0990062041875 2.0977794325895 -1.4636663058034 0.63411312678613 1.9600762243744 
481 2.405 2.083392997545 2.0821753511408 -1.4482458327356 0.63392951840522 1.9492601854938 
482 2.41 2.0628009313336 2.0615953200353 -1.4276917217727 0.63390359826266 1.9348824062859 
483 2.415 2.0378939766231 2.0367029222826 -1.4025135124925 0.6341894097901 1.9174162277677 
484 2.42 2.0133511287863 2.0121744186 -1.3775868183628 0.63458760023719 1.9001775004695 
485 2.425 1.995214939217 1.9940488287909 -1.3592660855029 0.63478274328792 1.8874774841879 
486 2.43 1.9866684744792 1.9855073590646 -1.3508368865459 0.63467047251867 1.8815696619636 
487 2.435 1.986467970066 1.9853069718369 -1.3509072665384 0.63439970529852 1.8815789467476 
488 2.44 1.9909386890744 1.9897750779177 -1.3555582061397 0.63421687177796 1.8848706686829 
489 2.445 1.9974638353718 1.9962964105703 -1.3620132233887 0.63428318718163 1.889583076764 
490 2.45 2.0064766389833 2.0053039466169 -1.3708508918075 0.63445305480944 1.8960310273484 
491 2.455 2.019433650551 2.0182533854134 -1.3838388774924 0.63441450792094 1.9052458280237 
492 2.46 2.0354324236621 2.0342428079849 -1.3999814886009 0.63426131938404 1.9165969423902 
493 2.465 2.0518309252672 2.0506317254277 -1.4164609111881 0.63417081423966 1.9282217772986 
494 2.47 2.0665037534192 2.0652959779935 -1.4311549038237 0.63414107416971 1.9386010989906 
495 2.475 2.0782739504338 2.0770592958748 -1.4429242060886 0.63413508978616 1.9468942199627 
496 2.48 2.0865252493273 2.0853057722675 -1.4511663710945 0.63413940117299 1.9526849482751 
497 2.485 2.0909210686591 2.0896990224472 -1.4555635253145 0.63413549713274 1.9557186812713 
498 2.49 2.091264152472 2.0900419057435 -1.4558964602652 0.63414544547834 1.9558636902314 
499 2.495 2.0877989077736 2.0865786863196 -1.4523640858797 0.63421460043991 1.9532955267884 
500 2.5 2.0816385599338 2.0804219389169 -1.4461027931762 0.63431914574071 1.94881555241 
501 2.505 2.0744382842568 2.0732258714664 -1.4388233031139 0.63440256835258 1.9435844537322 
502 2.51 2.0676901574259 2.0664816886021 -1.432020500902 0.63446118770012 1.9386890949081 
503 2.515 2.0625738830935 2.0613684044944 -1.4268494882519 0.63451891624243 1.9349669398969 
504 2.52 2.0599882313437 2.0587842639379 -1.4242619710875 0.63452229285038 1.9330416103326 
505 2.525 2.0598823656043 2.0586784600721 -1.4242648047934 0.63441365527877 1.9328934027966 
506 2.53 2.0607028913873 2.0594985062959 -1.4252414366616 0.63425706963433 1.9334069372656 
507 2.535 2.0601995938787 2.0589955029413 -1.4248477267476 0.63414777619376 1.9329899189841 
508 2.54 2.0567733623798 2.0555712739155 -1.4214578527353 0.63411342118024 1.9304961146911 
509 2.545 2.0499646772105 2.0487665681064 -1.4146520820385 0.63411448606784 1.9255976749744 
510 2.55 2.0401867776923 2.0389943833161 -1.4048452143984 0.63414916891777 1.9186027422836 
511 2.555 2.0286862366549 2.0275005638105 -1.3932346108553 0.63426595295526 1.9103942702687 
512 2.56 2.0178486920651 2.016669353262 -1.3822340240967 0.63443532916524 1.9026831442311 
513 2.565 2.0104631130826 2.0092880908073 -1.3747833443632 0.63450474644404 1.8974602696397 
514 2.57 2.0078550609452 2.0066815629551 -1.3722338966549 0.63444766630023 1.8956738686874 
515 2.575 2.0094304746829 2.0082560559367 -1.3738752328828 0.63438082305392 1.8968877380386 
516 2.58 2.013916044841 2.0127390044875 -1.3784056516616 0.63433335282594 1.9001921434512 
517 2.585 2.0199296821574 2.0187491271123 -1.3845003930467 0.63424873406559 1.904590321833 
518 2.59 2.0256648608604 2.0244809538698 -1.3903565337185 0.63412442015138 1.9087823426637 
519 2.595 2.0290161550448 2.0278302893785 -1.3938080938312 0.63402219554728 1.9112687976734 
520 2.6 2.028468841805 2.0272832960179 -1.3932678107547 0.6340154852632 1.9109531707714 
521 2.605 2.0240831389765 2.0229001564289 -1.3887811056678 0.63411905076108 1.9078765203793 
522 2.61 2.0176434262885 2.0164642074537 -1.3821976570701 0.63426655038361 1.9033113734146 
523 2.615 2.0117096134326 2.0105338626358 -1.3761592337955 0.63437462884025 1.8990710018713 
524 2.62 2.0085185998562 2.0073447140585 -1.3728964267351 0.6344482873234 1.8967633062165 
525 2.625 2.0097195857011 2.0085449979829 -1.3740552423148 0.63448975566818 1.897564424319 
526 2.63 2.0160575042123 2.0148792122753 -1.3804595594038 0.63441965287144 1.902021251237 
527 2.635 2.026575784942 2.0253913455586 -1.3911246246632 0.63426672089541 1.9094443693936 
528 2.64 2.0388685655599 2.0376769416174 -1.40357066675 0.63410627486741 1.9181109041702 
529 2.645 2.0503590298012 2.0491606902163 -1.4151020058203 0.63405868439593 1.9261861080684 
530 2.65 2.0600414934381 2.0588374949031 -1.4246389997915 0.63419849511158 1.9329880056826 
531 2.655 2.0689656372781 2.0677564229956 -1.4334645268826 0.63429189611307 1.9392559232487 
532 2.66 2.0775024854318 2.0762882817582 -1.442154306047 0.63413397571121 1.9452685237337 
533 2.665 2.0831487052602 2.0819312016335 -1.4480127664954 0.63391843513809 1.9492337047529 
534 2.67 2.082715474053 2.0814982236298 -1.4475947637743 0.63390345985556 1.94889543021 
535 2.675 2.0755348225636 2.0743217688975 -1.4402631277433 0.6340586411542 1.9437564016602 
536 2.68 2.0635508978809 2.0623448482621 -1.4281101738326 0.63423467442952 1.9351933952672 
537 2.685 2.0495588406453 2.0483609687337 -1.4139773919939 0.63438357673984 1.9252142588585 
538 2.69 2.0362295423989 2.0350394608429 -1.4005294147289 0.634510046114 1.9157125075697 
539 2.695 2.0257982683806 2.0246142834195 -1.3900457122506 0.63456857116891 1.9082827002526 
540 2.7 2.0193601137213 2.0181798915625 -1.383672325918 0.63450756564446 1.9036811684103 
541 2.705 2.0164861641801 2.0153076217113 -1.3808753794637 0.63443224224754 1.9015880709207 
542 2.71 2.0165940641366 2.0154154586053 -1.3809176324026 0.63449782620264 1.9015971302891 
543 2.715 2.0207345365591 2.019553511114 -1.3848866792176 0.63466683189646 1.9044579879113 
544 2.72 2.0308733753783 2.029686424253 -1.3950095135629 0.63467691069003 1.9115717005934 
545 2.725 2.0467837991054 2.0455875490767 -1.4111480785103 0.63443947056635 1.9227784967963 
546 2.73 2.0651583055581 2.0639513164841 -1.4297319725056 0.63421934397853 1.9357250328381 
547 2.735 2.0825262177303 2.0813090779186 -1.4471477802752 0.63416129764346 1.9479510145124 
548 2.74 2.0973464594645 2.0961206579101 -1.4619385031564 0.6341821547537 1.9583460554184 
549 2.745 2.1093056062189 2.1080728150989 -1.4738940941633 0.63417872093565 1.9667029374114 
550 2.75 2.1180866758646 2.1168487526174 -1.4826634059991 0.63418534661835 1.9728155848813 
551 2.755 2.1235873917322 2.1223462535722 -1.4880798605236 0.63426639304857 1.9766231604439 
552 2.76 2.1265557738373 2.1253129007959 -1.4909455190853 0.63436738171056 1.9786522639928 
553 2.765 2.1279923997906 2.1267486871081 -1.4923559766872 0.63439271042096 1.979634867553 
554 2.77 2.1279369792769 2.1266932989851 -1.4923898173493 0.63430348163581 1.9795994751149 
555 2.775 2.1251399481372 2.1238979025801 -1.4897026665755 0.63419523600459 1.9776568582956 
556 2.78 2.1182870447176 2.1170490043642 -1.4828525966819 0.63419640768225 1.9728696207144 
557 2.785 2.1076444095306 2.1064125893029 -1.472076420984 0.6343361683189 1.9654180906265 
558 2.79 2.09542541158 2.0942007327889 -1.4596792956493 0.6345214371396 1.9568800473538 
559 2.795 2.0844679718931 2.0832496972164 -1.4486398188193 0.63460987839707 1.949266099362 
560 2.8 2.0763675667709 2.0751540264046 -1.4406010213533 0.63455300505125 1.943722405712 
561 2.805 2.0707320543506 2.0695218076794 -1.4351033673161 0.63441844036328 1.9399649259218 
562 2.81 2.0659811379324 2.0647736679512 -1.4304594791655 0.63431418878572 1.936861669883 
563 2.815 2.0607991765309 2.0595947351653 -1.4252936705178 0.63430106464748 1.9334513119203 
564 2.82 2.0549597824563 2.0537587539452 -1.4194206492073 0.6343381047379 1.9295571553726 
565 2.825 2.0489604543994 2.0477629322168 -1.4133915474855 0.63437138473133 1.9255288219143 
566 2.83 2.0433411091136 2.0421468711772 -1.4077591784272 0.63438769274999 1.9217421834937 
567 2.835 2.0384011857002 2.0372098349195 -1.4028231881167 0.63438664680286 1.9184126354394 
568 2.84 2.0341645186581 2.0329756440125 -1.3985985909401 0.63437705307241 1.9155434492358 
569 2.845 2.0305680787969 2.0293813061033 -1.3949900171607 0.63439128894259 1.9130865753484 
570 2.85 2.0277048999608 2.0265198006622 -1.3921272565859 0.63439254407626 1.9111205258083 
571 2.855 2.0254186329698 2.024234869888 -1.3899116386613 0.63432323122674 1.9095251033808 
572 2.86 2.0226913469553 2.0215091778454 -1.3873111250429 0.63419805280254 1.9075668336294 
573 2.865 2.0180472494703 2.0168677946196 -1.3827260888865 0.63414170573313 1.9041940621441 
574 2.87 2.0113220396378 2.0101465153598 -1.375841712229 0.63430480313086 1.8992965589052 
575 2.875 2.0052910526933 2.004119053247 -1.369498595565 0.63462045768192 1.8948803286441 
576 2.88 2.0044042906819 2.0032328095068 -1.3684369229688 0.634795886538 1.894125166899 
577 2.885 2.0111503755961 2.0099749516477 -1.3752703086695 0.63470464297824 1.8988252979215 
578 2.89 2.0241270373449 2.0229440291408 -1.3885093138935 0.63443471524728 1.907993596248 
579 2.895 2.0390096476292 2.0378179412308 -1.403694339363 0.63412360186783 1.9185379194125 
580 2.9 2.0508176424852 2.0496190348624 -1.4156770287868 0.63394200607561 1.9268956564371 
581 2.905 2.0563633304689 2.0551614816493 -1.4211968930709 0.6339645885784 1.9308021744354 
582 2.91 2.0553909929493 2.0541897124157 -1.4200687655776 0.6341209468381 1.9300792510462 
583 2.915 2.0498244939075 2.0486264667339 -1.4143237869543 0.63430267977966 1.9260987731581 
584 2.92 2.042244075181 2.04105047841 -1.4066227442562 0.63442773415388 1.9207101057113 
585 2.925 2.0346020067123 2.0334128763752 -1.3989716515439 0.63444122483132 1.9152957244373 
586 2.93 2.0275263525043 2.0263413575583 -1.3919681435206 0.63437321403776 1.9103083488275 
587 2.935 2.0207724413143 2.0195913937156 -1.3852566516545 0.63433474206119 1.9055644215418 
588 2.94 2.014398031258 2.0132207092058 -1.3788813983734 0.63433931083249 1.9010821919593 
589 2.945 2.0089391410685 2.007765009484 -1.3734224099467 0.63434259953726 1.897232764906 
590 2.95 2.0051124322474 2.0039405371964 -1.3695103071216 0.6344302300748 1.8945475743211 
591 2.955 2.0044827797503 2.0033112527019 -1.3687206869926 0.63459056570927 1.8941370603487 
592 2.96 2.0089129989012 2.0077388825956 -1.3731688212248 0.63457006137074 1.8973157128879 
593 2.965 2.0176657393988 2.0164865075231 -1.3822403450497 0.63424616247337 1.9035538864888 
594 2.97 2.0261047468607 2.0249205827772 -1.3910712613767 0.63384932140045 1.9095489586819 
595 2.975 2.028771332294 2.0275856097152 -1.393863479659 0.63372213005623 1.9113985033005 
596 2.98 2.0238960236463 2.0227131504589 -1.3887461919589 0.63396695850001 1.9078478212885 
597 2.985 2.0148774557632 2.0136998535096 -1.3793113564685 0.63438849704113 1.9013153116613 
598 2.99 2.0076039025819 2.0064305513822 -1.3717596772739 0.63467087410827 1.8960227847993 
599 2.995 2.0062547233863 2.0050821607192 -1.3703823038543 0.63469985686492 1.8949571884174 
600 3 2.011421269594 2.0102456873207 -1.3756748637793 0.63457082354138 1.8985454887868 
601 3.005 2.0211506012808 2.0199693326652 -1.3855706861232 0.63439864654202 1.9053868998123 
602 3.01 2.0326118977546 2.0314239305437 -1.3971806383364 0.63424329220729 1.9134576826739 
603 3.015 2.0432246373919 2.0420304675278 -1.4078704037378 0.63416006379003 1.9208980725919 
604 3.02 2.0514671184709 2.0502681312596 -1.4160894667674 0.6341786644922 1.9266413035947 
605 3.025 2.0572093471143 2.0560070038372 -1.4217461418163 0.63426086202089 1.930600238093 
606 3.03 2.0612331121169 2.0600284171361 -1.4257049908541 0.63432342628199 1.9333359879645 
607 3.035 2.0642274575632 2.0630210125267 -1.4286909831222 0.63433002940448 1.935338907775 
608 3.04 2.0663314627191 2.0651237879893 -1.4307948401305 0.63432894785877 1.9367264102868 
609 3.045 2.0675676649715 2.0663592677389 -1.4320154757518 0.63434379198713 1.937521416423 
610 3.05 2.0682288075954 2.0670200239556 -1.4326401109215 0.63437991303418 1.937924164653 
611 3.055 2.0689716321348 2.0677624143486 -1.4333239545006 0.63443845984799 1.9384148417372 
612 3.06 2.070671068708 2.0694608576801 -1.4349964200986 0.63446443758151 1.9396328376752 
613 3.065 2.073716972969 2.0725049817516 -1.4381033702583 0.63440161149329 1.9418399474115 
614 3.07 2.0772948198235 2.0760807375209 -1.4418203309 0.63426040662086 1.9444497440074 
615 3.075 2.0795659639313 2.0783505542505 -1.4442416231462 0.63410893110421 1.9461591395432 
616 3.08 2.0784732831874 2.0772585121277 -1.443285718788 0.63397279333973 1.9454980593076 
617 3.085 2.0725522196709 2.0713409091977 -1.4373766777275 0.63396423147018 1.9413951683234 
618 3.09 2.0623709669979 2.0611656069938 -1.4270180617316 0.63414754526216 1.9342605512311 
619 3.095 2.0508637059513 2.0496650714066 -1.4153566903622 0.63430838104438 1.9261704666578 
620 3.1 2.041324369417 2.0401313101713 -1.4056496072922 0.63448170287908 1.9194958748247 
621 3.105 2.0369860206054 2.035795496923 -1.401158721503 0.63463677541998 1.9165527840067 
622 3.11 2.0395045816044 2.0383125859401 -1.4038316958816 0.63448089005853 1.9184946763467 
623 3.115 2.046755327925 2.0455590945364 -1.4112354674358 0.63432362710062 1.923823724377 
624 3.12 2.0552369809258 2.0540357904051 -1.4198967959482 0.6341389944569 1.9300256551085 
625 3.125 2.0613967800959 2.0601919894588 -1.4262078128481 0.63398417661069 1.9345400893548 
626 3.13 2.0624494785018 2.0612440726114 -1.4273200206058 0.63392405200557 1.935377061751 
627 3.135 2.0573773767172 2.0561749352346 -1.4222138793365 0.63396105589811 1.9317980697407 
628 3.14 2.0471138350318 2.0459173921125 -1.4118262650255 0.63409112708701 1.9244659791172 
629 3.145 2.0344447640312 2.0332557255951 -1.3989344168368 0.63432130875831 1.9153700344821 
630 3.15 2.0236776910339 2.0224949454517 -1.3879260929475 0.63456885250426 1.9076027738132 
631 3.155 2.0189071902152 2.0177272327691 -1.3831071725321 0.63462006023703 1.9040812922514 
632 3.16 2.0214111287679 2.0202297078861 -1.3857345255533 0.63449518233279 1.9057369146462 
633 3.165 2.0293364218572 2.0281503690098 -1.3938895746807 0.63426079432914 1.9112447717011 
634 3.17 2.0388586624746 2.03766704432 -1.4036406236973 0.63402642062271 1.917873826918 
635 3.175 2.0461379549517 2.0449420823889 -1.4109881719747 0.63395391041414 1.9229002083031 
636 3.18 2.0492793084088 2.0480815998709 -1.4140898869354 0.63399171293543 1.9249651927739 
637 3.185 2.0483999222738 2.0472027276962 -1.4130695216182 0.634133206078 1.9241686057955 
638 3.19 2.045519191573 2.0443236806487 -1.4099310445556 0.63439263609305 1.9219819151498 
639 3.195 2.0441954644802 2.0430007272129 -1.4083965676026 0.63460415961027 1.9209316864573 
640 3.2 2.0470372199529 2.0458408218115 -1.4113042517865 0.63453657002501 1.9228788988841 
641 3.205 2.0530766994537 2.0518767715172 -1.4175789589122 0.63429781260494 1.9271360453991 
642 3.21 2.0590805623728 2.0578771254574 -1.4237119156893 0.63416520976809 1.9313861444559 
643 3.215 2.0629203511459 2.0617146700523 -1.4275356313645 0.63417903868779 1.9340931399807 
644 3.22 2.0645369567067 2.0633303307822 -1.4290635552656 0.6342667755166 1.9352129905123 
645 3.225 2.0651153705691 2.0639084065886 -1.4295325351636 0.63437587142501 1.9355914538796 
646 3.23 2.0660657124422 2.0648581930311 -1.4304433705782 0.63441482245292 1.936228238823 
647 3.235 2.067979469068 2.0667708311551 -1.4323889617517 0.63438186940338 1.9375609403324 
648 3.24 2.0705910691663 2.0693809048944 -1.4350400026241 0.63434090227033 1.9393770079857 
649 3.245 2.0735833955898 2.0723714824422 -1.4380346928117 0.63433678963043 1.9414515702275 
650 3.25 2.0771178743657 2.0759038954795 -1.4415541347183 0.63434976076119 1.9439047145112 
651 3.255 2.0815107345901 2.0802941882811 -1.4459769490398 0.63431723924133 1.946957796369 
652 3.26 2.0863835170874 2.0851641228635 -1.4509542581037 0.63420986475987 1.9503366399035 
653 3.265 2.0905208873946 2.08929907507 -1.4551456943709 0.63415338069905 1.9531848140303 
654 3.27 2.0935771338089 2.0923535352503 -1.4580533152465 0.6343002200038 1.9552760962508 
655 3.275 2.0973312449211 2.0961054522589 -1.4617015960336 0.63440385622536 1.9578725937346 
656 3.28 2.1025479913436 2.1013191497355 -1.4671594103323 0.63415973940318 1.9615241552615 
657 3.285 2.106142548417 2.1049116059574 -1.4709883273077 0.63392327864973 1.9640314465016 
658 3.29 2.1048262213679 2.1035960482403 -1.4696273403605 0.63396870787976 1.9630395783793 
659 3.295 2.0990314632991 2.0978046769383 -1.4635530480294 0.63425162890887 1.9588618670904 
660 3.3 2.0925786403226 2.091355625337 -1.456812646997 0.63454297833996 1.9542138981739 
661 3.305 2.0891539956054 2.0879329821655 -1.4534042703155 0.63452871184995 1.9517260480402 
662 3.31 2.0887554181291 2.0875346376392 -1.4531886832738 0.63434595436544 1.9513923808759 
663 3.315 2.0890698106009 2.0878488463633 -1.4535456786331 0.6343031677302 1.9515684602696 
664 3.32 2.0890833825316 2.0878624103618 -1.4534783330542 0.63438407730755 1.9515199492402 
665 3.325 2.0895619332797 2.0883406814193 -1.4538640557635 0.63447662565576 1.9517921950072 
666 3.33 2.0918795771679 2.0906569707522 -1.4560674720088 0.63458949874347 1.9533928911951 
667 3.335 2.0974972668718 2.0962713771776 -1.4616570009343 0.63461437624323 1.9573658188199 
668 3.34 2.1060511633932 2.1048202743438 -1.4705042055718 0.63431606877206 1.9634457146254 
669 3.345 2.1134447712851 2.1122095610155 -1.4782079675054 0.63400159351007 1.9687131331168 
670 3.35 2.115426235489 2.1141898671456 -1.4801585505467 0.63403131659892 1.9701489616855 
671 3.355 2.1118794993842 2.1106452039433 -1.4764106699945 0.63423453394881 1.96765703071 
672 3.36 2.1052640350551 2.1040336060457 -1.469716245193 0.63431736085276 1.9629883278401 
673 3.365 2.0971199887659 2.0958943195732 -1.4616035496717 0.63429076990148 1.9572409663641 
674 3.37 2.0876213454437 2.0864012277666 -1.4521483817094 0.63425284605723 1.9505401827861 
675 3.375 2.0768883565739 2.0756745118302 -1.4413746812501 0.63429983058009 1.9429719613815 
676 3.38 2.0662858748622 2.0650782267763 -1.4306093057139 0.63446892106247 1.935507202296 
677 3.385 2.0583478993389 2.0571448906309 -1.4225998573883 0.63454503324262 1.9299531208514 
678 3.39 2.054215012027 2.0530144187996 -1.4186029503495 0.63441146845009 1.9271182055614 
679 3.395 2.0524484678378 2.0512489070735 -1.4169381559039 0.63431075116959 1.9259711248661 
680 3.4 2.0514412635019 2.0502422914017 -1.4159171695726 0.63432512182913 1.9253719102902 
681 3.405 2.0506814301497 2.0494829021368 -1.415154512932 0.63432838920474 1.9249406299354 
682 3.41 2.0498016375658 2.0486036237507 -1.4142706104268 0.63433301332398 1.9244209268536 
683 3.415 2.048538785778 2.0473415100412 -1.4129679462693 0.63437356377182 1.923615318598 
684 3.42 2.0471069832619 2.0459105443471 -1.4115107374082 0.63439980693892 1.9226874235791 
685 3.425 2.0457744291816 2.0445787690827 -1.410179517304 0.63439925177873 1.9218071631527 
686 3.43 2.0447678477061 2.0435727759073 -1.4091293523251 0.63444342358227 1.9211638846606 
687 3.435 2.0449071724283 2.0437120192007 -1.4091766895315 0.63453532966928 1.9213338523129 
688 3.44 2.0474717066982 2.0462750546194 -1.4116970320843 0.63457802253508 1.923220672072 
689 3.445 2.052973630281 2.0517737625836 -1.41726061873 0.63451314385359 1.927206459291 
690 3.45 2.0604222840343 2.0592180629448 -1.4248396682221 0.6343783947227 1.932594806537 
691 3.455 2.0678616423333 2.0666530732846 -1.4324073940306 0.63424567925395 1.937982238847 
692 3.46 2.0733671679003 2.0721553811277 -1.4379959886823 0.63415939244548 1.9419896601235 
693 3.465 2.0758276781094 2.0746144532829 -1.4404403458039 0.634174107479 1.9438287520615 
694 3.47 2.0756443274861 2.0744312098196 -1.4401323994764 0.63429881034315 1.9438019370644 
695 3.475 2.0745231129196 2.0733106505509 -1.438917346974 0.63439330357684 1.9431076854013 
696 3.48 2.0738306089694 2.0726185513371 -1.4382219775417 0.63439657379533 1.9427412867166 
697 3.485 2.073704440039 2.0724924561466 -1.4381236762314 0.63436877991518 1.942810077713 
698 3.49 2.0735170000092 2.0723051256667 -1.4380148831286 0.63429024253809 1.9428460340445 
699 3.495 2.0719060695959 2.0706951367673 -1.436534214749 0.63416092201834 1.9418698525215 
700 3.5 2.0671754040107 2.0659672360364 -1.4318439606715 0.63412327536496 1.9386712525345 
701 3.505 2.0589520850462 2.0577487232198 -1.4235203984585 0.63422832476127 1.9329861195978 
702 3.51 2.0489901735137 2.0477926339616 -1.413382276687 0.63441035727467 1.926042419109 
703 3.515 2.0403079278452 2.0391154626624 -1.4045558440827 0.63455961857964 1.9200065579976 
704 3.52 2.0353493355763 2.0341597684603 -1.3996303753634 0.6345293930969 1.9166152479339 
705 3.525 2.0341678507113 2.0329789741182 -1.3986156604562 0.63436331366201 1.91589448404 
706 3.53 2.0351511574355 2.0339617061454 -1.3996275546636 0.63433415148175 1.9166866440152 
707 3.535 2.0379945922931 2.0368034791474 -1.4023227103924 0.634480768755 1.9187878369721 
708 3.54 2.0441557669452 2.0429610528791 -1.4084178228694 0.63454323000977 1.9232323633066 
709 3.545 2.0538918179687 2.0526914136332 -1.418321287752 0.63437012588115 1.9302018835625 
710 3.55 2.0645700589759 2.0633634137047 -1.4292226462732 0.63414076743159 1.9378118582161 
711 3.555 2.0727576675067 2.0715462369588 -1.43748933504 0.63405690191882 1.9436290193236 
712 3.56 2.0768453752692 2.075631555646 -1.4415209666147 0.63411058903122 1.9464911584335 
713 3.565 2.077366336076 2.0761522119754 -1.4419223979921 0.63422981398328 1.9467808985391 
714 3.57 2.076030445136 2.0748171018016 -1.4404697828807 0.63434731892091 1.9457162998409 
715 3.575 2.0746214913925 2.0734089715261 -1.4390012874928 0.63440768403336 1.9445792597384 
716 3.58 2.0742108555369 2.0729985756681 -1.4385889254536 0.63440965021451 1.9441524233381 
717 3.585 2.074941015256 2.0737283086428 -1.4393889322276 0.63433937641516 1.9445310304412 
718 3.59 2.0759277661073 2.0747144827841 -1.4404917319914 0.6342227507927 1.9450914992691 
719 3.595 2.075896535995 2.0746832709243 -1.4404795288158 0.63420374210851 1.9449227362742 
720 3.6 2.0746996594857 2.0734870939337 -1.4392002931957 0.63428680073803 1.9439180680094 
721 3.605 2.0733318922657 2.07212012611 -1.4377777901265 0.63434233598352 1.9428014961749 
722 3.61 2.0725384924312 2.0713271899809 -1.4369787682105 0.63434842177037 1.9421126667414 
723 3.615 2.0723942769716 2.0711830588085 -1.4368377221417 0.63434533666687 1.9418996415074 
724 3.62 2.0726786420501 2.0714672576888 -1.4371493535568 0.63431790413208 1.942027179207 
725 3.625 2.0728508289405 2.0716393439441 -1.4373841204714 0.63425522347269 1.9420948262802 
726 3.63 2.0721590719462 2.0709479912495 -1.4367063744389 0.63424161681065 1.9415722813165 
727 3.635 2.070377626636 2.0691675871114 -1.4349062865652 0.63426130054612 1.940311561897 
728 3.64 2.0675863564886 2.0663779483317 -1.4321667968533 0.63421115147845 1.9383455727929 
729 3.645 2.0632786663962 2.062072775884 -1.4279135151716 0.63415926071238 1.9353149122626 
730 3.65 2.0570491751882 2.0558469255241 -1.4216395319674 0.63420739355669 1.9309354158508 
731 3.655 2.0495872484379 2.0483893599234 -1.4141198078245 0.63426955209882 1.9256860244199 
732 3.66 2.0417947520745 2.0406014179119 -1.4063388726869 0.63426254522506 1.9202028079799 
733 3.665 2.0339162160627 2.0327274865384 -1.3984517306471 0.6342757558913 1.9146597048237 
734 3.67 2.0263402022753 2.0251559005791 -1.3908088724616 0.63434702811748 1.9093467855569 
735 3.675 2.0199848586688 2.0188042713756 -1.3844247014833 0.63437956989231 1.9048922538159 
736 3.68 2.0153758025659 2.0141979090518 -1.3798401696272 0.6343577394246 1.90166199457 
737 3.685 2.0124464283457 2.0112702469147 -1.3769024940635 0.63436775285122 1.8996157492913 
738 3.69 2.0115116518278 2.0103360167303 -1.3758967538758 0.63443926285444 1.8989613929069 
739 3.695 2.0136761867158 2.0124992865482 -1.3779804729421 0.63451881360606 1.9004896152125 
740 3.7 2.0201349539601 2.0189542789431 -1.3844173147664 0.63453696417678 1.9050459240459 
741 3.705 2.031022852273 2.0298358137854 -1.3954215238515 0.63441428993385 1.9127364467979 
742 3.71 2.0443770706813 2.0431822272736 -1.4090298448925 0.63415238238102 1.9221682263904 
743 3.715 2.0565110925725 2.0553091573927 -1.4213591192001 0.63395003819264 1.9307138763262 
744 3.72 2.0645117507211 2.0633051395284 -1.4293581410318 0.63394699849663 1.9363151927759 
745 3.725 2.0678599800856 2.0666514120084 -1.4326584078563 0.63399300415206 1.9385868866213 
746 3.73 2.0669732869955 2.0657652371492 -1.4317934581138 0.6339717790354 1.9378328823949 
747 3.735 2.061995029381 2.0607898890949 -1.426758993515 0.6340308955799 1.9341562545649 
748 3.74 2.0542136254432 2.0530130330262 -1.4187440880962 0.63426894493002 1.928476255649 
749 3.745 2.0470760485917 2.0458796277568 -1.4113340863412 0.6345455414156 1.9232661373353 
750 3.75 2.0443684682372 2.0431736298571 -1.4085174721984 0.63465615765876 1.9212157857131 
751 3.755 2.0475881161255 2.0463913960109 -1.411815481535 0.63457591447593 1.9234011995175 
752 3.76 2.0554826786519 2.0542813445323 -1.4198319926309 0.63444935190138 1.9289259544892 
753 3.765 2.0657254549223 2.0645181343759 -1.4301486619566 0.63436947241933 1.9361457869813 
754 3.77 2.0763095471214 2.0750960406648 -1.4407874216519 0.63430861901293 1.9435996840309 
755 3.775 2.0855907168503 2.0843717859813 -1.4501259447958 0.63424584118545 1.9501450692539 
756 3.78 2.0920729290309 2.0908502096101 -1.4566640546757 0.63418615493438 1.9547076996013 
757 3.785 2.0944507207725 2.0932266116429 -1.4590950394583 0.63413157218461 1.9563664966579 
758 3.79 2.0918107850799 2.0905882188701 -1.4564472734487 0.63414094542141 1.9544721809012 
759 3.795 2.0843192466401 2.0831010588863 -1.4488702262263 0.63423083266004 1.9491471816792 
760 3.8 2.0734279045058 2.0722160822355 -1.4378803293065 0.63433575292899 1.9414343415428 
761 3.805 2.0611774402231 2.05997277778 -1.42551841128 0.63445436649999 1.9327739407666 
762 3.81 2.0500093622489 2.0488112270284 -1.4141866484961 0.63462457853226 1.9249071753071 
763 3.815 2.0427019652358 2.0415081008494 -1.4067731222068 0.63473497864254 1.9198138588411 
764 3.82 2.0408328347194 2.0396400627529 -1.4050033008338 0.63463676191906 1.918595562806 
765 3.825 2.0430859244397 2.0418918356469 -1.4075219415683 0.63436989407868 1.9203151799497 
766 3.83 2.0458816954247 2.0446859726337 -1.4105566458355 0.6341293267982 1.9223965631077 
767 3.835 2.0461349902885 2.0449391194584 -1.4108179196598 0.63412119979853 1.9226651290588 
768 3.84 2.0440152138774 2.0428205819581 -1.4084595997326 0.63436098222557 1.9212309874379 
769 3.845 2.0426418338907 2.0414480046482 -1.4069558631898 0.63449214145841 1.9203246398966 
770 3.85 2.0436615501392 2.04246712492 -1.4081699254257 0.63429719949427 1.9211125721596 
771 3.855 2.0448109329253 2.0436158359453 -1.409531683697 0.63408415224825 1.92201194826 
772 3.86 2.0430774384115 2.0418833545784 -1.4078325711041 0.63405078347434 1.9208554987338 
773 3.865 2.0376515928453 2.0364606801668 -1.4023107402848 0.63414993988199 1.9170491435055 
774 3.87 2.0298088489535 2.0286225199945 -1.3943281009061 0.6342944190884 1.9114887368749 
775 3.875 2.0218783692119 2.0206966752497 -1.386214666495 0.63448200875479 1.9058469105287 
776 3.88 2.0169144811733 2.0157356883731 -1.3810281828698 0.63470750550331 1.9022940589598 
777 3.885 2.0182273983797 2.0170478382403 -1.3821967028554 0.63485113538496 1.9032184102193 
778 3.89 2.0274880037046 2.0263030311718 -1.3915870985391 0.63471593263267 1.9097920363974 
779 3.895 2.0424609567074 2.0412672331792 -1.4069037639716 0.6343634692076 1.9204148299531 
780 3.9 2.0579223479014 2.0567195879084 -1.4226331067128 0.63408648119566 1.931360627332 
781 3.905 2.0693654565983 2.0681560086401 -1.4341394775734 0.6340165310667 1.9394294754936 
782 3.91 2.075243166119 2.0740302829127 -1.4399103002084 0.6341199827043 1.9435072021917 
783 3.915 2.0767321916171 2.0755184381445 -1.4412427112648 0.63427572687972 1.9444470608705 
784 3.92 2.0760723631839 2.0748589953504 -1.4404746860232 0.63438430932724 1.9438595619271 
785 3.925 2.0751961806132 2.0739833248677 -1.4395220154595 0.63446130940825 1.94313326993 
786 3.93 2.0753533115737 2.0741403639924 -1.4396824413309 0.63445792266151 1.9431666886885 
787 3.935 2.0765756799223 2.0753620179235 -1.4409946271201 0.63436739080348 1.9439824552501 
788 3.94 2.0777729464351 2.0765585846896 -1.4422436701113 0.63431491457837 1.9447994754083 
789 3.945 2.0781242721246 2.0769097050457 -1.4425618744052 0.63434783064045 1.9450266560812 
790 3.95 2.0777159735269 2.0765016450795 -1.4421126600865 0.63438898499298 1.9447328130682 
791 3.955 2.0768013345274 2.075587540644 -1.4411953661572 0.63439217448677 1.9440848308283 
792 3.96 2.0752026308181 2.0739897713027 -1.439623219066 0.63436655223674 1.9429734906348 
793 3.965 2.0724373512071 2.0712261078692 -1.4368826925982 0.63434341527104 1.9410680939928 
794 3.97 2.0680920013003 2.0668832976175 -1.4325576354401 0.63432566217743 1.9380613074092 
795 3.975 2.0619077468171 2.0607026575437 -1.4263975932145 0.6343050643292 1.9337752163078 
796 3.98 2.0538233365836 2.0526229722723 -1.4182973067009 0.63432566557141 1.9281477022304 
797 3.985 2.0444506462295 2.0432557598202 -1.4088535444928 0.63440221532741 1.9216108717877 
798 3.99 2.0352354417591 2.0340459412087 -1.399557063234 0.6344888779747 1.9152035151719 
799 3.995 2.0278394039083 2.0266542259983 -1.3921318794668 0.63452234653148 1.9101016406374 
800 4 2.0232664803525 2.0220839751039 -1.3875984128749 0.63448556222905 1.9070160186736 
